Time,IRIP_X,IRIP_Y,IP_X,IP_Y,IP_Z,IRCP_X,IRCP_Y,CP_X,CP_Y,CP_Z,OE_A,OE_B,OE_G,TLV_X,TLV_Y,TLV_Z,TAV_X,TAV_Y,TAV_Z
21.07,447.29908957212115,453.1951335849902,7.438560996963787,-7.6684262606234,1.0,317.8383246743868,174.38496953137638,2.3913576871105953,3.2013657102777238,0.630312284548077,5.301412747980557e-06,4.042806708212645e-07,-2.109336672780784,0.0001218459607023315,0.0002010864377229805,1.343885430754833e-05,-6.608158174375493e-05,-2.3655076546837662e-07,4.1981773756920205e-06
0.0,316.8113196021253,172.639526164006,2.3513185030068335,3.2694141846391425,1.0,317.83837767921,174.38488132386857,2.391359753575439,3.2013691491669167,0.6303121896602865,5.555486053883966e-06,1.576024293571341e-07,-2.1093364898551488,8.655069501262913e-05,0.0001425712225079226,1.4683060054944985e-05,-5.5896974905266224e-05,-2.8761794511090942e-08,2.3173563992662487e-06
0.0,316.8113196021253,172.639526164006,2.3513185030068335,3.2694141846391425,1.0,317.83841503960747,174.38481907298126,2.391361210121149,3.201371576102096,0.6303121189500671,5.739736355200665e-06,1.7213640810524082e-08,-2.1093363515103474,6.175626273172808e-05,9.914150103736929e-05,1.7080968431103745e-05,-5.6555423502161335e-05,-1.2045590705407319e-05,1.0151611618742626e-06
0.0,316.8113196021253,172.639526164006,2.3513185030068335,3.2694141846391425,1.0,317.83844174784133,174.3847747847211,2.3913622513778297,3.201373302739918,0.6303120815959443,5.98909242798713e-06,-8.014616097512268e-08,-2.109336261432104,4.333025685626208e-05,7.083119444908292e-05,1.819971370228313e-05,-5.4259831063658324e-05,-5.6965524760073385e-06,-4.599848624461821e-06
0.0,316.8113196021253,172.639526164006,2.3513185030068335,3.2694141846391425,1.0,317.8384606023584,174.38474294208075,2.3913629864467203,3.2013745441683916,0.6303120543821816,6.126562445878092e-06,-1.6662728801424885e-07,-2.1093362332978827,2.9232347785078498e-05,4.9767446688097026e-05,1.819101125602536e-05,-4.850364155306641e-05,6.489004869508978e-06,-8.176899348732917e-06
0.0,316.8113196021253,172.639526164006,2.3513185030068335,3.2694141846391425,1.0,317.83847388989096,174.38472037177732,2.3913635044791812,3.201375424102249,0.6303120328941907,6.1850741106918995e-06,-2.349501133220624e-07,-2.1093362109134817,2.028518631047177e-05,3.4552002790607356e-05,1.857860564506632e-05,-4.661630969548147e-05,7.108905210022695e-06,-8.245039633720918e-06
0.0,316.8113196021253,172.639526164006,2.3513185030068335,3.2694141846391425,1.0,317.83848335603864,174.3847042478833,2.391363873529771,3.201376052714102,0.6303120177246527,6.225246820497573e-06,-2.835025204125534e-07,-2.109336194818126,1.4063373502794618e-05,2.4069816602147084e-05,1.8858909607655827e-05,-4.536975481868468e-05,7.38239126626643e-06,-8.624632485078328e-06
0.01,316.8113196021253,172.639526164006,2.3513185030068335,3.2694141846391425,1.0,317.83849016997215,174.38469260216996,2.3913641391802005,3.2013765067380127,0.630312007019822,6.253318587496461e-06,-3.180325015423722e-07,-2.109336184149605,9.74532662050641e-06,1.6734056312151444e-05,1.90561836552182e-05,-4.449020578897208e-05,7.566093740223774e-06,-8.805844544085872e-06
0.01,316.8113196021253,172.639526164006,2.3513185030068335,3.2694141846391425,1.0,317.83849513258195,174.3846841009434,2.3913643326542657,3.2013768381698475,0.6303119994595457,6.273007111624037e-06,-3.425665073896229e-07,-2.1093361762666234,6.721502260394723e-06,1.1569125311313018e-05,1.9195420697250875e-05,-4.3869951806214e-05,7.68996117412388e-06,-8.89433099737429e-06
0.01,316.8113196021253,172.639526164006,2.3513185030068335,3.2694141846391425,1.0,317.8384988067367,174.38467781631775,2.3913644758961685,3.201377083184493,0.6303119941134693,6.2868285096925e-06,-3.6001010405427476e-07,-2.1093361686328578,4.6286964011420595e-06,7.92777486607091e-06,1.9293448279496904e-05,-4.3431852076531394e-05,7.771924503560064e-06,-8.851970061351817e-06
0.01,316.8113196021253,172.639526164006,2.3513185030068335,3.2694141846391425,1.0,317.8385016013829,174.38467309433767,2.3913645848492373,3.201377267277284,0.6303119903234261,6.2966414312076874e-06,-3.724058738246824e-07,-2.109336158234059,3.2154807954525374e-06,5.365849276091828e-06,1.9362493928235472e-05,-4.312549584627022e-05,7.81424185818395e-06,-8.67769428159615e-06
0.03,316.8113196021253,172.639526164006,2.3513185030068335,3.2694141846391425,1.0,317.83850376312415,174.3846694690673,2.391364669127648,3.2013774086133613,0.6303119876353491,6.304004987728651e-06,-3.8105504482880646e-07,-2.1093361480659234,2.126898770072593e-06,3.5572179821480637e-06,1.9411459868383334e-05,-4.290656503621214e-05,7.84290853586781e-06,-8.816780143946014e-06
0.05,316.8113196021253,172.639526164006,2.3513185030068335,3.2694141846391425,1.0,317.8385054535686,174.38466662850846,2.3913647350319143,3.201377519356395,0.630311985735668,6.309313595721221e-06,-3.871603371183981e-07,-2.109336139827892,1.349734928230534e-06,2.2556282010345574e-06,1.9446476816727035e-05,-4.2748151544205134e-05,7.876551473027871e-06,-8.881660239038367e-06
0.07,316.8113196021253,172.639526164006,2.3513185030068335,3.2694141846391425,1.0,317.8360083698969,174.39293449025269,2.391267382841983,3.201055185565197,0.6303007492082435,3.0842827222526344e-06,-5.197222160696507e-05,-2.109827520240787,-0.01077765532694223,-0.04052709327846846,-0.0018254907276849977,-0.004835727132280117,0.005849233165405856,-0.05178903946938118
0.09,316.8113196021253,172.639526164006,2.3513185030068335,3.2694141846391425,1.0,317.8262433361798,174.41969431093668,2.3908866797730925,3.2000119177022732,0.6303017943214896,2.657300980558663e-05,-6.894267455610293e-05,-2.11066997061103,-0.026394504523762862,-0.055774354817953675,-0.0016799458679110154,-0.005289622458670576,0.00443848451689158,-0.02394473109151161
0.11,316.8113196021253,172.639526164006,2.3513185030068335,3.2694141846391425,1.0,317.8087595928727,174.4504914484797,2.3902050523537146,3.198811249571941,0.6303026118807009,3.4253195918093786e-05,-7.366663943534251e-05,-2.110801104819181,-0.03910217534474583,-0.06447116538806329,-0.001447927606010638,-0.004884231999730541,0.0028655849358144654,0.0009792392470123349
0.13,316.8113196021253,172.639526164006,2.3513185030068335,3.2694141846391425,1.0,317.78704775788833,174.48668505229364,2.389358587052177,3.197400192893035,0.6303036650633742,4.218283014809325e-05,-6.467954255013223e-05,-2.110805410252659,-0.0452690693207551,-0.07433630161245725,-0.0007657986857884838,-0.005376165311788021,0.0009596017277895192,0.0010153350909717438
0.15,316.8113196021253,172.639526164006,2.3513185030068335,3.2694141846391425,1.0,317.76321242761435,174.5264145412244,2.3884293344099157,3.1958512849425196,0.630304453934916,4.076244000828936e-05,-5.218811447486159e-05,-2.1108097282545586,-0.04836639510572867,-0.07959021435176125,-0.0006522260369140165,-0.004359763847772641,-0.0005914323633599641,0.0009295149173987292
0.17,316.8113196021253,172.639526164006,2.3513185030068335,3.2694141846391425,1.0,317.7366615266221,174.57485461883437,2.3873942115642137,3.1939627828914476,0.6303057442752238,-2.168068418134403e-05,-2.024856463007239e-05,-2.111210336149693,-0.05522210643829922,-0.11884984166047444,0.00025545120457644115,0.007485290578078788,0.00042757567191318646,-0.04612745782014436
0.19,316.8113196021253,172.639526164006,2.3513185030068335,3.2694141846391425,1.0,317.7042184837476,174.6449971427021,2.3861293755847,3.191228181571068,0.6303098511638563,-1.4592829674358315e-05,-7.363465033625752e-06,-2.112415990643041,-0.0698326161479269,-0.1474336825586262,-0.000504207217263523,-0.00023565245357530558,0.0029012436649332517,-0.060462582393074595
0.21,316.8113196021253,172.639526164006,2.3513185030068335,3.2694141846391425,1.0,317.6643131519862,174.72448785685188,2.384573612163204,3.1881291283878403,0.630312524037529,-6.455524963151829e-06,-6.294897132453864e-06,-2.113443790000765,-0.08470335022829287,-0.1603558227630454,-0.00012409308849433665,1.3577732112089528e-05,0.0008304294660401491,-0.03871919946713986
0.23,316.8113196021253,172.639526164006,2.3513185030068335,3.2694141846391425,1.0,317.61680216845804,174.80918151961845,2.3827213321036287,3.18482723120396,0.6303124124684236,-2.2271678356405927e-06,-3.608306514532683e-06,-2.1138952283609544,-0.09909429983850174,-0.16819022924700572,-0.00011778137495801143,-0.00014362270884641344,4.4824082154193336e-05,-0.007463923880299694
0.25,316.8113196021253,172.639526164006,2.3513185030068335,3.2694141846391425,1.0,317.5643043952963,174.89641291909734,2.380674635294202,3.181426396916283,0.6303111723711476,3.1537094259973226e-06,-5.1020630820681205e-06,-2.11391601585211,-0.10339076853474274,-0.17126780601686314,-1.2984592543493013e-05,-0.00011397219636509809,8.942892792816491e-05,0.00011853854619739356
0.27,316.8113196021253,172.639526164006,2.3513185030068335,3.2694141846391425,1.0,317.5090523357203,174.99193643365928,2.378520558897477,3.1777022832881374,0.6303109243715517,-1.0802854392610161e-05,-3.7775463705877258e-06,-2.114236624621372,-0.11524336211110069,-0.20987529830778875,-0.00010898936587448277,1.5987182421021263e-05,0.0008047213112945421,-0.03711034236519311
0.29,316.8113196021253,172.639526164006,2.3513185030068335,3.2694141846391425,1.0,317.4445655370672,175.10805891349037,2.3760064536868306,3.173175091091993,0.6303138875343804,-2.526937864616137e-06,2.08189643971617e-06,-2.1149738736121817,-0.13543520314347315,-0.23803686369019786,0.00017385095646171232,-5.632764352310788e-05,-0.0004521824928041939,-0.028354674752140714
0.31,316.8113196021253,172.639526164006,2.3513185030068335,3.2694141846391425,1.0,317.3700009765641,175.23443721740506,2.3730994532773515,3.1682480616996074,0.6303136171539052,4.784835278131153e-06,3.854585399542963e-06,-2.1152191182834614,-0.15247151732252157,-0.2516554065668948,-8.390892455590766e-05,-0.0005070633919246172,-0.00010563962935951148,-0.00018602904712426108
0.33,316.8113196021253,172.639526164006,2.3513185030068335,3.2694141846391425,1.0,317.2908579117164,175.36513060356788,2.3700139536731535,3.1631528029798095,0.6303125044631553,5.8033923631710944e-06,1.2950166021447912e-07,-2.115219488479778,-0.1551428817855853,-0.2562275952920461,-4.72455866315431e-06,-9.653771570900195e-05,0.00012746293084847247,3.884935401847084e-05
0.35,316.8113196021253,172.639526164006,2.3513185030068335,3.2694141846391425,1.0,317.2111814848171,175.49672134075584,2.366907660226787,3.1580225598145875,0.6303123069530041,5.592533312788332e-06,-5.700409841663145e-07,-2.1152187337272244,-0.15535572279192766,-0.25659052024945245,2.8906981047331094e-05,-9.604595219244357e-06,3.9294495489483814e-05,1.3851470220512416e-05
0.37,316.8113196021253,172.639526164006,2.3513185030068335,3.2694141846391425,1.0,317.1314832738254,175.6283531486181,2.3638005174980647,3.1528907154534864,0.6303123244537081,5.65136979908323e-06,-4.866318549879241e-07,-2.1152186522965915,-0.15535193626567165,-0.25658837476292334,3.125222093821969e-05,-3.2328061179357307e-06,3.236542754481838e-05,-2.6577231250922465e-06
0.39,316.8113196021253,172.639526164006,2.3513185030068335,3.2694141846391425,1.0,317.0517859563148,175.75998404949547,2.3606934096029155,3.147758906452418,0.6303123395748845,5.719154504220907e-06,-4.1115486905544747e-07,-2.1152186791030894,-0.15535208811586215,-0.2565891274978563,3.2173722026282314e-05,-2.899274066502948e-08,3.0052627820380745e-05,-4.05482797297895e-06
0.41,316.8113196021253,172.639526164006,2.3513185030068335,3.2694141846391425,1.0,316.9720881307868,175.8916159160273,2.3575862819020186,3.1426270598040036,0.6303123499414759,5.7814429279989794e-06,-3.5298726209559376e-07,-2.115218711234701,-0.1553535550566521,-0.2565917962496902,3.293111804086262e-05,3.135210918927518e-06,2.8264209640406887e-05,-3.8963612651841594e-06
0.43,316.8113196021253,172.639526164006,2.3513185030068335,3.2694141846391425,1.0,316.892389483251,176.02324922838136,2.354479122154036,3.1374951567882507,0.6303123561822448,5.8340604085635295e-06,-3.088620456877901e-07,-2.1152187314892066,-0.15535531043765477,-0.2565950215055349,3.3269606541375335e-05,6.759092043500673e-06,2.60373320267849e-05,-3.6033925960315095e-06
0.45,316.8113196021253,172.639526164006,2.3513185030068335,3.2694141846391425,1.0,316.8126877599768,176.1548833230508,2.351371842494225,3.132363223272874,0.6303123582332177,5.867487907895245e-06,-2.7529943543418946e-07,-2.115219087247628,-0.15536645137373936,-0.25659397326918126,3.376791514776559e-05,9.757696187053795e-06,2.525430746687919e-05,-4.4675349144139715e-05
0.47,316.8113196021253,172.639526164006,2.3513185030068335,3.2694141846391425,1.0,316.7329820824373,176.2865167719189,2.3482644086720192,3.1272313149349356,0.6303123544519801,5.86808287313078e-06,-2.3283231997320583e-07,-2.1152200454915664,-0.1553683622200519,-0.25659557823417656,3.4048714590840124e-05,1.3037667555736094e-05,2.4830936134165175e-05,-4.9393887387283066e-05
0.49,316.8113196021253,172.639526164006,2.3513185030068335,3.2694141846391425,1.0,316.6532754544349,176.41815151958758,2.345156937794732,3.1220993559614976,0.6303123497647565,5.864133851847627e-06,-1.972617220954937e-07,-2.1152210138182697,-0.1553705429847723,-0.2565989495218648,3.419436552122606e-05,1.6311070270922026e-05,2.4388654378635078e-05,-4.999895308787035e-05
0.51,316.8113196021253,172.639526164006,2.3513185030068335,3.2694141846391425,1.0,316.5735676509192,176.54978786900458,2.3420494210884684,3.1169673345417315,0.6303123402400269,5.796547644321418e-06,-1.695324007320876e-07,-2.1152219932200325,-0.15537419811686357,-0.25660156066306344,3.351280073044037e-05,2.445754205755949e-05,3.3763152801118345e-05,-5.649845062078506e-05
0.53,316.8113196021253,172.639526164006,2.3513185030068335,3.2694141846391425,1.0,316.4938586338334,176.68142567375338,2.338941857069529,3.1118352563838845,0.6303123306000629,5.701777911170025e-06,-1.5088348832922568e-07,-2.1152230155255003,-0.1553759434152956,-0.2566060631408955,3.426166905086979e-05,2.3536012143616614e-05,2.5172937274258317e-05,-5.569328518439729e-05
0.55,316.8113196021253,172.639526164006,2.3513185030068335,3.2694141846391425,1.0,316.4141484700186,176.81306570394156,2.335834248343805,3.106703091464267,0.6303123242332468,5.691497593770505e-06,-1.0736743769538288e-07,-2.115224020827437,-0.15537834695332692,-0.25660990583195475,3.3480223943454395e-05,3.0003244377325898e-05,2.545997127970497e-05,-5.712490278347325e-05
0.57,316.8113196021253,172.639526164006,2.3513185030068335,3.2694141846391425,1.0,316.33443716655114,176.94470765544776,2.3327265951871805,3.1015708516394636,0.6303123115376654,5.662262222632491e-06,-3.806484795128636e-08,-2.1152250343664627,-0.15538055415938273,-0.25661385943289483,3.2791977659584554e-05,3.6033076104517726e-05,2.576713260729872e-05,-5.7894980481565186e-05
0.59,316.8113196021253,172.639526164006,2.3513185030068335,3.2694141846391425,1.0,316.25472473138757,177.07635138145093,2.329618897909845,3.096438542633492,0.6303122952145569,5.6253096428600825e-06,4.9992157009078707e-08,-2.115226057668574,-0.1553831496605346,-0.2566168250667611,3.202327799466648e-05,4.215362633890201e-05,2.6136782337145474e-05,-6.0924359918407044e-05
0.61,316.8113196021253,172.639526164006,2.3513185030068335,3.2694141846391425,1.0,316.17501114832197,177.20799640634644,2.3265111558799974,3.0913061829884425,0.6303122765060126,5.5840721938193255e-06,1.4881471354380046e-07,-2.1152271173442676,-0.15538439615823663,-0.25661907932350986,3.116411195461584e-05,4.842695339727533e-05,2.7419352875894852e-05,-6.0974946244381023e-05
0.63,316.8113196021253,172.639526164006,2.3513185030068335,3.2694141846391425,1.0,316.0952970834689,177.33964234608933,2.3234033950670145,3.0861737876768287,0.6303122566979871,5.530894942121609e-06,2.4730507420585916e-07,-2.115228157969944,-0.1553847356923223,-0.2566199817690639,3.039414343591378e-05,5.417631301128774e-05,2.8873701113935568e-05,-5.957511779720314e-05
0.65,316.8113196021253,172.639526164006,2.3513185030068335,3.2694141846391425,1.0,316.01558285443946,177.47128830602153,2.3202956278533895,3.081041391578108,0.6303122372650708,5.4601508258257035e-06,3.352067249656603e-07,-2.115229190973758,-0.15538652232772043,-0.2566176666622024,2.8894160465490554e-05,6.467969357984294e-05,4.1162103762656694e-05,-6.576743894461782e-05
0.67,316.8113196021253,172.639526164006,2.3513185030068335,3.2694141846391425,1.0,315.9358684856,177.6029331892629,2.317187855189085,3.0759090374556384,0.6303122204313917,5.3937804869924885e-06,4.126058328413988e-07,-2.1152302625178883,-0.15538278286345034,-0.256615725969245,2.9890998828416024e-05,5.9857928243719e-05,3.033407197670444e-05,-5.6358585066422736e-05
0.69,316.8113196021253,172.639526164006,2.3513185030068335,3.2694141846391425,1.0,315.85615683852893,177.73457648130423,2.314080188636606,3.070776745368256,0.6303122173183096,5.393205967522178e-06,4.394870831276738e-07,-2.115231093459118,-0.1553763445043249,-0.2566102420301399,3.0218184421695418e-05,5.890115756759819e-05,2.9850348412231517e-05,-4.203617915987919e-05
0.71,316.8113196021253,172.639526164006,2.3513185030068335,3.2694141846391425,1.0,315.77645360466227,177.8662181558657,2.310972850084297,3.065644516340518,0.630312219278198,5.37691619947786e-06,4.30589233763029e-07,-2.1152308757793525,-0.15536103996586118,-0.25660601425564267,3.097787490190687e-05,5.575842722752016e-05,3.0367998646925783e-05,5.598775996236745e-06
0.73,316.8113196021253,172.639526164006,2.3513185030068335,3.2694141846391425,1.0,315.6967502127219,177.99785735028635,2.3078655053692745,3.06051238400443,0.6303122316012193,5.40262303916385e-06,3.754920375694829e-07,-2.1152308625149456,-0.15536428763600627,-0.2566041799831518,3.188273193221766e-05,5.1224971426455054e-05,2.846031257863878e-05,-7.245801800231834e-06
0.75,316.8113196021253,172.639526164006,2.3513185030068335,3.2694141846391425,1.0,315.61704475109116,178.12949727982829,2.304758079964569,3.055380223008644,0.6303122439122455,5.42981885629757e-06,3.165454500114349e-07,-2.115231013818638,-0.15536673852725502,-0.2566063606613936,3.2765886080620575e-05,4.735495114818836e-05,2.7943013617371204e-05,-6.422488918816687e-06
0.77,316.8113196021253,172.639526164006,2.3513185030068335,3.2694141846391425,1.0,315.53733906636404,178.2611373332658,2.3016506458621446,3.050248057182619,0.6303122574175812,5.454117781122152e-06,2.5024037305766645e-07,-2.115231130265661,-0.15536601344563855,-0.25660474691074586,3.392932714690022e-05,4.166785773059653e-05,2.6580239123074307e-05,-4.202467877726317e-06
0.79,316.8113196021253,172.639526164006,2.3513185030068335,3.2694141846391425,1.0,315.4575006009513,178.39285194151432,2.2985380351248073,3.045112984736283,0.6303092087705966,1.6611508266709198e-05,9.915371560794216e-06,-2.1152356704311295,-0.1558820283191407,-0.2568873629395905,-0.0007494311452485713,-0.0005884094528550641,-0.0033092285513354144,0.00019187106754858392
0.81,316.8113196021253,172.639526164006,2.3513185030068335,3.2694141846391425,1.0,315.3776465728178,178.52471994424886,2.295424817653715,3.0399719319980965,0.6303092528452872,1.6744891252263056e-05,9.77180565183359e-06,-2.1152366702102086,-0.15580843350076018,-0.2568746308911164,-0.0007417336708103596,-0.000630146451348679,-0.0032012899791275294,0.00030929431915281995
0.83,316.8113196021253,172.639526164006,2.3513185030068335,3.2694141846391425,1.0,315.29780817590995,178.65657452295238,2.292312209587133,3.0348314026139422,0.6303092828266978,1.67873197627984e-05,9.635794206788715e-06,-2.1152369696033615,-0.15579233721359956,-0.2568482952867229,-0.0007470221704229578,-0.0006376328817074594,-0.003175642443868398,0.0003138660713942837
0.85,316.8113196021253,172.639526164006,2.3513185030068335,3.2694141846391425,1.0,315.2179776082907,178.78841719947226,2.2891999067559707,3.0296913372525442,0.6303093053278893,1.6806362020393672e-05,9.534648922347188e-06,-2.115237165162741,-0.15577837594049102,-0.25682294134305766,-0.0007511621245494408,-0.0006379531589427692,-0.0031620105605933385,0.00031181337406651814
0.87,316.8113196021253,172.639526164006,2.3513185030068335,3.2694141846391425,1.0,315.138154278047,178.92024834150467,2.286087886083702,3.0245517215787654,0.6303093214661698,1.681748418037823e-05,9.465151446249574e-06,-2.115237324627007,-0.15576452280724482,-0.2567976941210457,-0.0007545872027197578,-0.000633586384936998,-0.003156130952466526,0.00030870798335835603
0.89,316.8113196021253,172.639526164006,2.3513185030068335,3.2694141846391425,1.0,315.05833793866265,179.052068252812,2.282976137959558,3.01941254375002,0.630309332755086,1.6823938972594588e-05,9.419669506485268e-06,-2.1152374649353534,-0.15575082185333133,-0.25677286223573226,-0.0007574754605099619,-0.0006261645728305336,-0.003155661289557184,0.00030512529439530236
0.91,316.8113196021253,172.639526164006,2.3513185030068335,3.2694141846391425,1.0,314.97852836812115,179.18387724800314,2.279864653727921,3.0142737915008513,0.6303093408167402,1.682696105050684e-05,9.38989064800156e-06,-2.1152375936726204,-0.15573729427244548,-0.25674848345900314,-0.0007599194549875244,-0.0006171551948818196,-0.0031585342659203883,0.0003010536985418869
0.93,316.8113196021253,172.639526164006,2.3513185030068335,3.2694141846391425,1.0,314.89876977148606,179.31569681890025,2.2767551567830817,3.00913462694346,0.6303124807728938,5.28342064281803e-06,-3.1072488089097854e-07,-2.115236096311105,-0.15513557068614167,-0.25684783632618585,0.0004308034794801138,0.00044250767226573844,0.0006954882496093197,0.00034978577807765366
0.95,316.8113196021253,172.639526164006,2.3513185030068335,3.2694141846391425,1.0,314.8190681896047,179.44736828889705,2.2736478826356614,3.0040012363003097,0.6303123128390322,5.537644287916668e-06,-2.3766393056021537e-08,-2.1152342586485875,-0.15537589711754773,-0.2566273503388691,3.833658647029962e-05,1.9791809098474103e-05,2.1489443525039575e-05,2.1437527009177507e-05
0.97,316.8113196021253,172.639526164006,2.3513185030068335,3.2694141846391425,1.0,314.73936013215615,179.57901393406635,2.27054035602948,2.9988688524730467,0.6303123116535746,5.51866731194581e-06,-2.614692074437807e-08,-2.115234082654443,-0.1553718318118729,-0.2566149757489049,3.872975143640871e-05,1.7956156473532037e-05,1.9915861836907075e-05,4.803166504326563e-06
0.99,316.8113196021253,172.639526164006,2.3513185030068335,3.2694141846391425,1.0,314.6596528487206,179.71065738195858,2.2674328595992437,2.9937365543096073,0.6303123116140265,5.514023776277418e-06,-2.7792088698964468e-08,-2.115234044979807,-0.15537197482450357,-0.25661470457025654,3.8919426472396966e-05,1.699627448146791e-05,1.9475582319493073e-05,2.169981143057441e-06
1.01,316.8113196021253,172.639526164006,2.3513185030068335,3.2694141846391425,1.0,314.57994532448373,179.8423011586778,2.264325353781043,2.9886042433264013,0.6303123117271479,5.511642048354814e-06,-2.8905659910223873e-08,-2.1152340317714176,-0.15537281984059478,-0.25661604441875807,3.906194911646779e-05,1.6265277291421047e-05,1.9254474552511882e-05,1.606391414798153e-06
1.03,316.8113196021253,172.639526164006,2.3513185030068335,3.2694141846391425,1.0,314.5002374068766,179.97394560411198,2.2612178326267673,2.9834719062724377,0.6303123118400356,5.509674924509394e-06,-2.9730361513522858e-08,-2.1152340241368868,-0.15537375517276325,-0.25661758743568047,3.9177747441881454e-05,1.565033846024796e-05,1.9084507927900737e-05,1.4367971221006105e-06
1.05,316.8113196021253,172.639526164006,2.3513185030068335,3.2694141846391425,1.0,314.4205290764165,180.10559075671802,2.2581102953768624,2.978339541648421,0.6303123119361469,5.507836763523619e-06,-3.037806903593296e-08,-2.1152340183911016,-0.15537469233485438,-0.25661913495286565,3.9272922117506545e-05,1.5120116913977163e-05,1.893318599415941e-05,1.357043728784478e-06
1.07,316.8113196021253,172.639526164006,2.3513185030068335,3.2694141846391425,1.0,314.3408203333901,180.23723661224506,2.255002742042499,2.9732071496200763,0.6303123120185952,5.506095808818574e-06,-3.090224357828186e-08,-2.1152340137167758,-0.15537561901148428,-0.25662066043264675,3.935065761123578e-05,1.4657852799521581e-05,1.8791527154019337e-05,1.3059447843225278e-06
1.09,316.8113196021253,172.639526164006,2.3513185030068335,3.2694141846391425,1.0,314.26111118089557,180.36888316137632,2.2518951727444674,2.9680747305506303,0.6303123120919271,5.504459989297408e-06,-3.13325015471029e-08,-2.11523400988742,-0.15537653494394266,-0.2566221633947326,3.941318960523054e-05,1.4251247268435992e-05,1.8655269447672565e-05,1.2696231338801187e-06
1.11,316.8113196021253,172.639526164006,2.3513185030068335,3.2694141846391425,1.0,314.1814016219329,180.5005303956382,2.248787587599724,2.9629422847704396,0.6303123121597497,5.502941055636581e-06,-3.168753483623067e-08,-2.1152340068126976,-0.15537744216403027,-0.25662364767274554,3.946222264817184e-05,1.389050276294942e-05,1.85213708003551e-05,1.2440330850037876e-06
1.13,316.8113196021253,172.639526164006,2.3513185030068335,3.2694141846391425,1.0,314.10169165874385,180.6321783084435,2.2456799866956647,2.9578098125363144,0.6303123122247634,5.501549215297511e-06,-3.198015290562589e-08,-2.115234004442693,-0.1553783432871399,-0.2566251178946024,3.949906614539325e-05,1.356766041998402e-05,1.8387239232144608e-05,1.2273050200870691e-06
1.15,316.8113196021253,172.639526164006,2.3513185030068335,3.2694141846391425,1.0,314.02198129258613,180.76382689531064,2.2425723700813296,2.952677314022977,0.630312312289031,5.500292902734711e-06,-3.221949902196653e-08,-2.1152340027468295,-0.155379241142343,-0.25662657884576295,3.952470691570955e-05,1.3276208437184933e-05,1.825049820705922e-05,1.2181159660984017e-06
1.17,316.8113196021253,172.639526164006,2.3513185030068335,3.2694141846391425,1.0,313.94227052361884,180.89547615392507,2.2394647377629173,2.9475447893206588,0.6303123123541867,5.4991792373387155e-06,-3.2412168399607275e-08,-2.1152340017088265,-0.15538013867368564,-0.25662803534830586,3.9539859247134045e-05,1.3010788696281674e-05,1.8108867571489116e-05,1.2153330472194459e-06
1.19,316.8113196021253,172.639526164006,2.3513185030068335,3.2694141846391425,1.0,313.8625593508231,181.02712608417258,2.2363570897007077,2.9424122384338176,0.6303123124215814,5.498214438821897e-06,-3.256284853566049e-08,-2.115234001325205,-0.155381038915768,-0.25662949225276616,3.954500018757353e-05,1.2766970809758632e-05,1.7960076618118656e-05,1.2179261109943433e-06
1.21,316.8113196021253,172.639526164006,2.3513185030068335,3.2694141846391425,1.0,313.782847771935,181.15877668817436,2.233249425806431,2.9372796612797525,0.6303123124923837,5.4974041289679535e-06,-3.26747243919585e-08,-2.1152340016046938,-0.15538194499724636,-0.2566309544619363,3.954039401286789e-05,1.2541073704044559e-05,1.7801784061703137e-05,1.2249416432358685e-06
1.23,316.8113196021253,172.639526164006,2.3513185030068335,3.2694141846391425,1.0,313.7031357833778,181.29042797033674,2.2301417459406547,2.9321470576866773,0.6303123125676536,5.496753547699857e-06,-3.274974551282896e-08,-2.1152340025679237,-0.1553828601625553,-0.2566324269716802,3.9526106931053944e-05,1.2330029310386563e-05,1.763149766793874e-05,1.2354870297644556e-06
1.25,316.8113196021253,172.639526164006,2.3513185030068335,3.2694141846391425,1.0,313.6234233801886,181.4220799374218,2.2270340499098893,2.9270144273909624,0.6303123126483976,5.4962677098478375e-06,-3.278880659892534e-08,-2.115234004247344,-0.15538378780237116,-0.2566339149199183,3.950201321708811e-05,1.2131278124899524e-05,1.744649007976747e-05,1.248716562923919e-06
1.27,316.8113196021253,172.639526164006,2.3513185030068335,3.2694141846391425,1.0,313.5437105559312,181.5537325986426,2.2239263374632063,2.921881770033426,0.6303123127356147,5.495951535320843e-06,-3.279186486314993e-08,-2.1152340066873276,-0.15538473149429466,-0.25663542364288616,3.946779306523658e-05,1.1942690364966674e-05,1.7243702114390998e-05,1.2638200320521161e-06
1.29,316.8113196021253,172.639526164006,2.3513185030068335,3.2694141846391425,1.0,313.4639500033517,181.68534304184942,2.2208167642632244,2.9167507586023613,0.6303093527332094,1.681097259188395e-05,9.270716177430895e-06,-2.1152369592696556,-0.15554759989705608,-0.2563258167604525,-0.0007628855647030284,-0.0005679305385709497,-0.0031360260401510167,3.6755432358959774e-05
1.31,316.8113196021253,172.639526164006,2.3513185030068335,3.2694141846391425,1.0,313.38427327113703,181.81692618232114,2.217710458913724,2.9116208116054128,0.6303093892876704,1.6734182785561487e-05,9.225741476667882e-06,-2.1152375825796415,-0.15542551471906807,-0.256237525304323,-0.0007438779096558344,-0.0005453067119006296,-0.0030567383179473705,0.00012736549950559403
1.33,316.8113196021253,172.639526164006,2.3513185030068335,3.2694141846391425,1.0,313.3046189467655,181.94847940792948,2.2146050271643456,2.906492030879942,0.6303093934070321,1.6727748142639624e-05,9.205501048642945e-06,-2.115237790671601,-0.15539808035350802,-0.25619605690679836,-0.0007408047902771511,-0.0005434524340710252,-0.0030388257375371635,0.00012074197585843581
1.35,316.8113196021253,172.639526164006,2.3513185030068335,3.2694141846391425,1.0,313.2250012694715,182.08004875663656,2.2115010241509343,2.901362621573624,0.6303121378210768,6.257635565541618e-06,-5.361297576087499e-07,-2.115236114648883,-0.15493659757457415,-0.25664481655356947,0.0006149181995235264,8.267523260191816e-05,0.001658933713604818,0.000504184170461834
1.37,316.8113196021253,172.639526164006,2.3513185030068335,3.2694141846391425,1.0,313.1453326635069,182.21167937800928,2.2083950356143043,2.8962308234694234,0.6303123152487947,5.511177190586656e-06,-4.151942758922683e-08,-2.1152345296441797,-0.1553751533944838,-0.25662430314781765,3.892680900585922e-05,1.1878443115581058e-05,1.6184217194598064e-05,8.248981913644001e-06
1.39,316.8113196021253,172.639526164006,2.3513185030068335,3.2694141846391425,1.0,313.065619842069,182.3433327485299,2.2052873232775427,2.891098138458874,0.630312314895843,5.502873371399846e-06,-3.794427814001285e-08,-2.1152344854715914,-0.1553894865959038,-0.25664306339894455,3.899435809305464e-05,1.1088745830846884e-05,1.5551567280930778e-05,2.371389377996593e-06
1.41,316.8113196021253,172.639526164006,2.3513185030068335,3.2694141846391425,1.0,312.98590399868215,182.47499032059434,2.202179493126009,2.8859652896454446,0.6303123149731933,5.501912863501474e-06,-3.73513999250081e-08,-2.115234485166942,-0.1553920794199633,-0.2566467901675671,3.8866863629713794e-05,1.0824848690112518e-05,1.4971138326481154e-05,1.6060725812090277e-06
1.43,316.8113196021253,172.639526164006,2.3513185030068335,3.2694141846391425,1.0,312.9061873315987,182.60664913877153,2.1990716308615457,2.8808323922506225,0.6303123151474014,5.5024666289265176e-06,-3.70256863062791e-08,-2.115234494084987,-0.15539348553860072,-0.25664890571148136,3.8710390248216135e-05,1.0665010499738744e-05,1.4402506898624502e-05,1.4364821059579366e-06
1.45,316.8113196021253,172.639526164006,2.3513185030068335,3.2694141846391425,1.0,312.82647006053116,182.73830891608057,2.1959637450499483,2.8756994574627455,0.6303123153550227,5.5034830215912985e-06,-3.664795577873774e-08,-2.1152345065053835,-0.15539481645411887,-0.2566509305412545,3.85248439115352e-05,1.0529404100244549e-05,1.3756409576272017e-05,1.3955552018065903e-06
1.47,316.8113196021253,172.639526164006,2.3513185030068335,3.2694141846391425,1.0,312.7467521811126,182.8699696657306,2.1928558355209593,2.8705664847668384,0.6303123155731656,5.504806269968854e-06,-3.6133527014627554e-08,-2.115234521256606,-0.15539621123337385,-0.2566530400307171,3.830571595573586e-05,1.0409217790065543e-05,1.2997152569717639e-05,1.3812762801938157e-06
1.49,316.8113196021253,172.639526164006,2.3513185030068335,3.2694141846391425,1.0,312.6670336579311,183.0016314392292,2.189747900893999,2.865433472154808,0.6303123157758259,5.506454322133447e-06,-3.5384331523193336e-08,-2.11523453819513,-0.15539769816919308,-0.25665526540628836,3.804565558971324e-05,1.0309041051273884e-05,1.2092254180812681e-05,1.3704705771045566e-06
1.51,316.8113196021253,172.639526164006,2.3513185030068335,3.2694141846391425,1.0,312.58731444552444,183.13329429967843,2.186639939396665,2.860300417166534,0.6303123159067293,5.508514211445939e-06,-3.420798712840797e-08,-2.1152345573888907,-0.15539929637958716,-0.25665762581443635,3.773403564654491e-05,1.0239604984522778e-05,1.100006021653342e-05,1.3601039978162908e-06
1.53,316.8113196021253,172.639526164006,2.3513185030068335,3.2694141846391425,1.0,312.5075944884781,183.26495832126605,2.183531948868542,2.8551673169097063,0.6303123158405775,5.511163978612197e-06,-3.221076364125398e-08,-2.1152345788687086,-0.15540102945028672,-0.2566601440060916,3.735535153215633e-05,1.021917956839832e-05,9.662496347164023e-06,1.3553864092850873e-06
1.55,316.8113196021253,172.639526164006,2.3513185030068335,3.2694141846391425,1.0,312.42793555346424,183.39639648567595,2.180426337367027,2.850043022000937,0.6303094642057347,1.6420516886216085e-05,8.943028902519765e-06,-2.115238107504713,-0.1551300484985833,-0.25582294721876087,-0.0006145892225986381,-0.0006121029177141465,-0.0023918153328207816,-2.362954477570505e-05
1.57,316.8113196021253,172.639526164006,2.3513185030068335,3.2694141846391425,1.0,312.34843112720887,183.5277002860103,2.1773267495987882,2.844923965457689,0.6303094450286385,1.6463052208837715e-05,8.928416396467487e-06,-2.1152382318863254,-0.15502704408629725,-0.255669627568088,-0.0005976771059972171,-0.0006647178696189049,-0.0022879685941999727,-3.8214545821841714e-05
1.59,316.8113196021253,172.639526164006,2.3513185030068335,3.2694141846391425,1.0,312.2689588072893,183.6589532565443,2.174228413539545,2.839806890583069,0.6303094463570782,1.64371701629175e-05,8.895008940405606e-06,-2.1152383611183145,-0.1549777609775168,-0.2556013680190385,-0.0005709247160429347,-0.000704904733432689,-0.0021464416953199633,-5.343871334501228e-05
1.61,316.8113196021253,172.639526164006,2.3513185030068335,3.2694141846391425,1.0,312.1895063681123,183.79017420859793,2.1711308525579835,2.8346910639922833,0.6303094515308725,1.639193603327761e-05,8.858972592448106e-06,-2.11523845584008,-0.1549363838090887,-0.25555158776831427,-0.0005389887840796141,-0.000746317726999828,-0.0019824668694554733,-5.666426254612504e-05
1.63,316.8113196021253,172.639526164006,2.3513185030068335,3.2694141846391425,1.0,312.1100706684998,183.92136862173155,2.1680339441910257,2.8295762720572486,0.6303094564481375,1.634357941320964e-05,8.826154699154704e-06,-2.1152384564692848,-0.15490292089442917,-0.25551094583091855,-0.0005042488149028082,-0.0007884441359780255,-0.0018039418557706274,-6.66261980052352e-05
1.65,316.8113196021253,172.639526164006,2.3513185030068335,3.2694141846391425,1.0,312.0306488191554,184.052540696284,2.1649375757955296,2.824462351022066,0.6303094596158533,1.630283754618746e-05,8.803519289482388e-06,-2.1152384027858564,-0.1548773547394143,-0.2554808543540819,-0.00046743703820539064,-0.0008282003152355864,-0.0016166856691904622,-7.94023918388793e-05
1.67,316.8113196021253,172.639526164006,2.3513185030068335,3.2694141846391425,1.0,311.95123692667835,184.1836966489882,2.1618415955820014,2.8193490585189798,0.6303094613205698,1.6273870281128238e-05,8.795531481503564e-06,-2.1152383174683225,-0.15486193729254677,-0.255466780519435,-0.00042935151830279783,-0.0008581731368657558,-0.0014275301804391992,-8.991006944223173e-05
1.69,316.8113196021253,172.639526164006,2.3513185030068335,3.2694141846391425,1.0,311.87183424679387,184.31488624587757,2.158745974533874,2.814234454351752,0.630311025771926,1.0111883630827512e-05,2.89686797387544e-06,-2.1152361258140453,-0.1547952072832483,-0.25608030274589455,0.00025882291387041367,-0.0003814308392304721,0.0009439808168849977,0.00047183326797797424
1.71,316.8113196021253,172.639526164006,2.3513185030068335,3.2694141846391425,1.0,311.79216980473507,184.44652282912523,2.155640148332752,2.80910242381578,0.6303121826005855,5.754965336030289e-06,3.538233762895631e-07,-2.115234796041147,-0.15541845653564354,-0.25669339052610346,2.6812122626334915e-05,1.7334970814420224e-05,-2.4517098568171822e-05,-4.2540756881482955e-06
1.73,316.8113196021253,172.639526164006,2.3513185030068335,3.2694141846391425,1.0,311.71243913983153,184.57820525001713,2.15253174034431,2.803968606237148,0.6303121473177434,5.775248890244439e-06,4.192562427923352e-07,-2.115234783049786,-0.15542432554622157,-0.25669375341836154,2.473196181171855e-05,1.4756329712830335e-05,-3.527687272366311e-05,4.8842232432842536e-06
1.75,316.8113196021253,172.639526164006,2.3513185030068335,3.2694141846391425,1.0,311.6327085793089,184.70988662611475,2.149423336425296,2.7988348293912373,0.6303121141373597,5.815015935206279e-06,4.597832195276247e-07,-2.1152345977741764,-0.15542233168809674,-0.2566914766337983,2.332349021550954e-05,1.1723121818900978e-05,-3.8420051485869226e-05,1.1142546841816186e-05
1.77,316.8113196021253,172.639526164006,2.3513185030068335,3.2694141846391425,1.0,311.5529781201827,184.84156639653477,2.146314936459364,2.793701115144844,0.6303120921921584,5.84700401012374e-06,4.3051254082304864e-07,-2.1152344855181444,-0.15542202533905888,-0.2566869574340016,2.2222360225559673e-05,5.686944126507847e-06,-4.0287551369549304e-05,1.4117657919671565e-06
1.79,316.8113196021253,172.639526164006,2.3513185030068335,3.2694141846391425,1.0,311.47322319539006,184.97322487561723,2.1432055826662775,2.7885682309700885,0.6303107698444552,1.1171497989264837e-05,4.9716369503128825e-06,-2.1152358511971783,-0.15548335981355332,-0.25662017919273983,-8.406327073218072e-05,-0.0002726086423471743,-0.0003940335160190211,6.278433194708978e-06
1.81,316.8113196021253,172.639526164006,2.3513185030068335,3.2694141846391425,1.0,311.3934958483693,185.10489331333432,2.1400973040299927,2.7834349585444698,0.6303104024336402,1.2731729945455645e-05,5.978278294295615e-06,-2.115234769844021,-0.15544798681069003,-0.2566834719861216,-2.606991716478261e-05,-0.00032456223687035,-0.00015605653152349022,1.286472304243766e-05
1.83,316.8113196021253,172.639526164006,2.3513185030068335,3.2694141846391425,1.0,311.3137463063808,185.2366025150134,2.1369881600928187,2.778300096880569,0.630310109826236,1.4146120795833102e-05,7.135272907235756e-06,-2.115234688880524,-0.15551684260798512,-0.25676539986702296,-6.581813972900883e-05,-0.00011105291807198099,-0.0003435256596771535,-2.4057375038578376e-05
1.85,316.8113196021253,172.639526164006,2.3513185030068335,3.2694141846391425,1.0,311.2339562866592,185.3683763510861,2.133877438076381,2.773162715357267,0.6303098520309101,1.541192949591285e-05,8.17985751221396e-06,-2.115234819002113,-0.15562839149052757,-0.256927994999915,-0.00012502286743095424,0.00021342247333146677,-0.0005959955217860633,-2.376834762547448e-06
1.87,316.8113196021253,172.639526164006,2.3513185030068335,3.2694141846391425,1.0,311.15410887947695,185.50024665698098,2.1307644787320448,2.7680215728272533,0.6303097455691464,1.6074997175030603e-05,8.785224119416532e-06,-2.1152348989797343,-0.15575627911701986,-0.25714145637449837,-0.00016906240288722167,0.0004784554336398704,-0.0007710864344744079,1.333417023779209e-05
1.89,316.8113196021253,172.639526164006,2.3513185030068335,3.2694141846391425,1.0,311.0741936472555,185.6322282652343,2.1276488751366673,2.762876091024004,0.6303097439633514,1.6347585437826836e-05,9.2534491198587e-06,-2.1152348064064053,-0.15589988244130806,-0.25736883041071246,-0.00021011193101679607,0.00067806099968798,-0.0009023937531260781,7.297091325163375e-05
1.91,316.8113196021253,172.639526164006,2.3513185030068335,3.2694141846391425,1.0,310.9942026770618,185.76432580375365,2.124530318793835,2.757726089522275,0.6303097409401331,1.664038870663427e-05,9.647674139087245e-06,-2.1152337907829177,-0.15604518223974906,-0.25760702693591064,-0.00026159959514495735,0.0008026250462755792,-0.001029994701600373,0.00011359389809101956
1.93,316.8113196021253,172.639526164006,2.3513185030068335,3.2694141846391425,1.0,310.9141431855687,185.89654539532157,2.121409091055311,2.7525713296170924,0.630309593603481,1.7410041490459574e-05,9.692076753545913e-06,-2.115233528922368,-0.1561826811266188,-0.2578187044249874,-0.00033581154047100637,0.0008435620707910226,-0.0011838039970610836,0.0001388111344343579
1.95,316.8113196021253,172.639526164006,2.3513185030068335,3.2694141846391425,1.0,310.83402760209435,186.02884374618858,2.1182856764949056,2.7474134991739336,0.6303093264167107,1.8493816984476423e-05,9.465310220138777e-06,-2.1152324639147766,-0.15627907108429276,-0.2579334714612277,-0.0004180452262369138,0.0007727131003757862,-0.0013934966234923438,0.00020223776067946182
1.97,316.8113196021253,172.639526164006,2.3513185030068335,3.2694141846391425,1.0,310.75388460933397,186.16118884089025,2.115161193346353,2.742253846359056,0.6303092415033174,1.8827394117952196e-05,9.529743748576642e-06,-2.1152314697181294,-0.1563574418208338,-0.25803623395732045,-0.0004826170449702456,0.0006551120469933371,-0.0015719278124935615,0.0002722267287917595
1.99,316.8113196021253,172.639526164006,2.3513185030068335,3.2694141846391425,1.0,310.67370982896557,186.29359571918232,2.1120354709148375,2.7370917848272005,0.6303092539149462,1.8436700663609534e-05,9.410977240807688e-06,-2.1152309330245136,-0.1564345660149531,-0.25816653773685566,-0.0005196482791746609,0.0005001962684035151,-0.0017810850517578998,0.00028202584277263
2.01,316.8113196021253,172.639526164006,2.3513185030068335,3.2694141846391425,1.0,310.59387056004465,186.4256318143288,2.108922828851643,2.7319441787786047,0.6303124553805581,6.471857393265776e-06,6.792804276489477e-07,-2.11523137062999,-0.15550321790971686,-0.25686841147183154,2.289354905381969e-05,-1.7465614948122473e-05,7.64307076223377e-05,-1.533557928206941e-05
2.03,316.8113196021253,172.639526164006,2.3513185030068335,3.2694141846391425,1.0,310.51410388688936,186.55738288834536,2.1058130170327236,2.7268076846648976,0.6303123212991266,5.855424974762086e-06,1.0468707148363592e-07,-2.115231691067838,-0.15548681509776446,-0.2568094670320093,1.4740854468143801e-05,-3.9046824837304705e-05,0.00010051416968300276,-8.12390585124148e-06
2.05,316.8113196021253,172.639526164006,2.3513185030068335,3.2694141846391425,1.0,310.43418179900243,186.68923635115564,2.1026971461599393,2.721667198785355,0.6303093383694721,1.594844591179749e-05,8.08989872227181e-06,-2.115231459910094,-0.155988634019679,-0.25732901603048286,-0.0005717039469819811,1.5153398972556807e-05,-0.0018202546078628062,0.0003762143910290441
2.07,316.8113196021253,172.639526164006,2.3513185030068335,3.2694141846391425,1.0,310.35419796736034,186.82132259324624,2.0995788681232117,2.716517637690206,0.6303093050208073,1.6407264305159817e-05,8.39179679228848e-06,-2.1152311816284164,-0.15606332107641763,-0.25748037414996233,-0.0006201838115822716,-0.0001495473335962525,-0.001999450418884933,0.0003829622495579579
2.09,316.8113196021253,172.639526164006,2.3513185030068335,3.2694141846391425,1.0,310.2742068082295,186.95343291213095,2.0964603044144057,2.7113671379286175,0.6303093203642086,1.6560190101003208e-05,8.602273199514198e-06,-2.1152313245295247,-0.15605862252568584,-0.2574587950859868,-0.000646998074116322,-0.00026006956794371824,-0.002152059422312844,0.00038255394281953354
2.11,316.8113196021253,172.639526164006,2.3513185030068335,3.2694141846391425,1.0,310.1942257006355,187.08552803807498,2.093342132578382,2.7062172304844054,0.6303093321159943,1.6659046182217024e-05,8.749873433433143e-06,-2.115231520360018,-0.15603964617442465,-0.25741104020086364,-0.0006667412008719744,-0.0003445756130148647,-0.0022825121170746815,0.00038402421629177183
2.13,316.8113196021253,172.639526164006,2.3513185030068335,3.2694141846391425,1.0,310.11437131611916,187.217542054833,2.0902289012132234,2.701070485191697,0.630312255892025,5.636653812138484e-06,-2.9310334743056566e-07,-2.115230899679514,-0.1554670582937597,-0.2568676792832945,3.7582965303093474e-05,1.161749472677781e-05,4.841582246179279e-05,6.038360985386808e-05
2.15,316.8113196021253,172.639526164006,2.3513185030068335,3.2694141846391425,1.0,310.0346485342514,187.34922707478358,2.0871208005556108,2.69593656628524,0.6303122887001149,5.488885455302469e-06,-1.2413384882105495e-07,-2.115230693119712,-0.15537066645075973,-0.25662143095517076,3.352240095177978e-05,7.785703795330372e-06,2.965999280712966e-05,-6.234290123735219e-07
2.17,316.8113196021253,172.639526164006,2.3513185030068335,3.2694141846391425,1.0,309.95494533363797,187.48086625963805,2.084013463299727,2.690804434322103,0.6303122951750626,5.4950137572771735e-06,-8.432705010347179e-08,-2.1152306601924993,-0.1553605760470852,-0.2565987632850005,3.381865380893409e-05,8.279668240093426e-06,2.7423145549973727e-05,-9.504599133426416e-07
2.19,316.8113196021253,172.639526164006,2.3513185030068335,3.2694141846391425,1.0,309.8752435188739,187.6125020308243,2.0809061800730584,2.685672435445446,0.6303122978309915,5.509460472573958e-06,-6.419651207368409e-08,-2.115230625149803,-0.155361210208024,-0.25659953972124594,3.413517138437296e-05,1.1082203995380321e-05,2.641554739248138e-05,-1.2829771020439839e-06
2.21,316.8113196021253,172.639526164006,2.3513185030068335,3.2694141846391425,1.0,309.79554100250306,187.74413902734068,2.0777988694932974,2.680540388797635,0.6303122982607751,5.5182967869817715e-06,-4.935551155529152e-08,-2.1152305864215335,-0.1553630251564207,-0.2566030697790181,3.430665368354807e-05,1.4321774694431162e-05,2.576149227405941e-05,-1.586244746127836e-06
2.23,316.8113196021253,172.639526164006,2.3513185030068335,3.2694141846391425,1.0,309.71583753609565,187.87577783735992,2.0746915218750743,2.675408271447956,0.6303122967970639,5.521061415196054e-06,-3.4231621522520934e-08,-2.1152305448030906,-0.15536500727937536,-0.25660703067959767,3.431451468577425e-05,1.791819258926218e-05,2.530219458344176e-05,-2.0249818962399768e-06
2.25,316.8113196021253,172.639526164006,2.3513185030068335,3.2694141846391425,1.0,309.6361330675478,188.0074185846827,2.0715841351870488,2.6702760785698754,0.6303122933479817,5.518325290740703e-06,-1.4063902759677302e-08,-2.11523050332168,-0.1553670367225466,-0.2566111273382767,3.414091339708069e-05,2.200855013385589e-05,2.50239715985592e-05,-2.683303341156737e-06
2.27,316.8113196021253,172.639526164006,2.3513185030068335,3.2694141846391425,1.0,309.5564275689674,188.13906132520862,2.0684767083418096,2.6651438079840695,0.6303122874995819,5.510034930111139e-06,1.576152197593653e-08,-2.11523046634146,-0.15536906342814827,-0.2566152743865241,3.3768648352721824e-05,2.673848388711079e-05,2.4934217749411745e-05,-3.5145515599402726e-06
2.29,316.8113196021253,172.639526164006,2.3513185030068335,3.2694141846391425,1.0,309.4766864908177,188.2706782430311,2.065367894378858,2.66001254413134,0.6303095029624739,1.6163151756649853e-05,9.446434890858426e-06,-2.115230542775525,-0.15575766642861089,-0.256482974343187,-0.0008122078298640398,-0.00029937699924723125,-0.003138960507555464,6.404932453385448e-05
2.31,316.8113196021253,172.639526164006,2.3513185030068335,3.2694141846391425,1.0,309.39684790625466,188.4024901522858,2.0622552789962834,2.654873678273458,0.6303092447931667,1.7141148030719973e-05,9.593432749317644e-06,-2.1152323815003435,-0.15581298233197513,-0.25693941520953556,-0.0007396708614021872,-0.000663800524731076,-0.002951232993706567,0.0003933146075499633
2.33,316.8113196021253,172.639526164006,2.3513185030068335,3.2694141846391425,1.0,309.316988960646,188.53438200023447,2.059141869810759,2.649731695897292,0.630309211965685,1.7222278612121288e-05,9.729196177465267e-06,-2.115232618769891,-0.15582363903089377,-0.25696669896127194,-0.0007457500179408487,-0.0006743913235761538,-0.0030256192486184694,0.0004105928570527922
2.35,316.8113196021253,172.639526164006,2.3513185030068335,3.2694141846391425,1.0,309.2371220165693,188.66627077458463,2.0560281487941254,2.6445898333495257,0.6303091636430513,1.7255378938421047e-05,9.965916936213224e-06,-2.1152342400772817,-0.15581127295579986,-0.25694982962871643,-0.0007410724527813344,-0.0006869845686869788,-0.0030656301877774,0.00040603389989168594
2.37,316.8113196021253,172.639526164006,2.3513185030068335,3.2694141846391425,1.0,309.15725771446506,188.79815055935416,2.0529145307783643,2.6394483212727424,0.6303091179200977,1.7376432714218506e-05,1.021284199306263e-05,-2.1152362631154187,-0.1557834436045563,-0.25694115216356805,-0.000735458754395507,-0.0007033751832064918,-0.0030694324443898127,0.0004735946957203556
2.39,316.8113196021253,172.639526164006,2.3513185030068335,3.2694141846391425,1.0,309.0773960769186,188.93002610476222,2.049801016643999,2.6343069744732075,0.6303090898383943,1.751609968800215e-05,1.0370062070672699e-05,-2.1152382699552668,-0.15576342192668854,-0.2569437463725686,-0.0007317062025549825,-0.0007262796056064967,-0.0030590067350940277,0.00054101614841842
2.41,316.8113196021253,172.639526164006,2.3513185030068335,3.2694141846391425,1.0,308.99753157719834,189.06190416463076,2.046687390923911,2.629165529644025,0.6303090759280878,1.768589064749554e-05,1.0448569585771974e-05,-2.1152404323250185,-0.15576174973544898,-0.2569638755785981,-0.0007276351984056684,-0.0007738196185019312,-0.0030451131119443742,0.0005752670379991285
2.43,316.8113196021253,172.639526164006,2.3513185030068335,3.2694141846391425,1.0,308.91766422597016,189.1937982823534,2.043573654033922,2.624023458777644,0.6303090315515072,1.7705958618092936e-05,1.0613464165282134e-05,-2.1152416201418314,-0.1557895332109324,-0.25699983879698013,-0.0007340956451407832,-0.0007670923010514049,-0.003026977899909484,0.0005694346125881455
2.45,316.8113196021253,172.639526164006,2.3513185030068335,3.2694141846391425,1.0,308.8378321332083,189.32573130046876,2.040461291743013,2.6188798713267536,0.6303114225790047,4.5676851361161085e-06,2.2762560640276734e-06,-2.1152404520803603,-0.15512186807185094,-0.257106169127849,0.0005397875655652523,0.0006881086121630646,0.0007046894241744283,0.0009178934691566391
2.47,316.8113196021253,172.639526164006,2.3513185030068335,3.2694141846391425,1.0,308.75818897520685,189.4573761344832,2.0373562953297,2.6137475191234616,0.6303122038387959,5.3214249361256965e-06,4.5058143856541416e-07,-2.1152338022333796,-0.15527570670851726,-0.2564838366195775,4.06154100775687e-05,5.926529807771931e-06,1.88479775711906e-05,2.1433045882107368e-05
2.49,316.8113196021253,172.639526164006,2.3513185030068335,3.2694141846391425,1.0,308.67846344122154,189.58893488404874,2.0342480873770574,2.6086185230390364,0.6303092221829524,1.596359425277272e-05,-8.43263089502807e-06,-2.1152308271048295,-0.15564653299043027,-0.25624067927891986,-0.0008305221942197987,-0.0023325078803214617,-0.0021350724365074535,0.00015306955517716317
2.51,316.8113196021253,172.639526164006,2.3513185030068335,3.2694141846391425,1.0,308.59877566769995,189.72051809538604,2.03114135156725,2.603488573279296,0.6303093033182442,1.674613737591216e-05,-9.365908190120085e-06,-2.1152309676089773,-0.15557875658721076,-0.25650636865872256,-0.0008520314372547371,-0.002082806477760722,-0.0018960572715926722,-6.78319114470736e-05
2.53,316.8113196021253,172.639526164006,2.3513185030068335,3.2694141846391425,1.0,308.51908013805,189.85214000375532,2.0280343133742713,2.59835711486334,0.6303093049027378,1.6802242979739637e-05,-9.408239917512784e-06,-2.1152309155572437,-0.15557145743066886,-0.2564919795462902,-0.0008471237831041091,-0.0021730783719088194,-0.0019172839755243842,-5.954941725730392e-05
2.55,316.8113196021253,172.639526164006,2.3513185030068335,3.2694141846391425,1.0,308.43894704182884,189.98375652337918,2.0249102160557038,2.593225866534925,0.6302981776143725,5.642196166778929e-05,1.159144136892467e-06,-2.115246561434402,-0.1570162760397174,-0.25700056606051586,-0.003943732153521628,-0.008549540694364689,-0.01260884003304766,-0.0009343625707807473
2.57,316.8113196021253,172.639526164006,2.3513185030068335,3.2694141846391425,1.0,308.35890768752745,190.11581638244223,2.0217897733928845,2.5880773340178465,0.630298067457059,5.7177718176029387e-05,1.2822525889244686e-06,-2.115250941920599,-0.15643303529628128,-0.25730737026335515,-0.0037972624309754095,-0.008310825119898372,-0.012271330643468248,0.00025798864877617353
2.59,316.8113196021253,172.639526164006,2.3513185030068335,3.2694141846391425,1.0,308.2789332787252,190.2478543695695,2.018671862718334,2.5829296542078177,0.6302980521122491,5.759731044981735e-05,1.277320618064924e-06,-2.1152523556984995,-0.15642521239607757,-0.25715016156759674,-0.0038253086144173962,-0.008193082084656425,-0.012077105758066687,1.9786629687725027e-05
2.61,316.8113196021253,172.639526164006,2.3513185030068335,3.2694141846391425,1.0,308.19900325005483,190.37983558741547,2.0155556822633454,2.5777841876251273,0.6302980748388225,5.767020877715055e-05,1.2297839257264363e-06,-2.11525273549838,-0.1563508697948277,-0.25702060267516497,-0.0038383009972508915,-0.008162675803905813,-0.012086761325031897,2.6658663289994904e-05
2.63,316.8113196021253,172.639526164006,2.3513185030068335,3.2694141846391425,1.0,308.1191075117888,190.5117609736315,2.012440838666229,2.572640897714171,0.630298090220154,5.769980454679518e-05,1.1935883023614694e-06,-2.115253030629002,-0.156284654546187,-0.2568962223798491,-0.0038507378394556724,-0.008136471960043872,-0.012113953467469608,9.72598398874704e-06
2.65,316.8113196021253,172.639526164006,2.3513185030068335,3.2694141846391425,1.0,308.0395325556871,190.6436833050206,2.0093385011963787,2.5674977268997803,0.6303088848767031,1.8271141844846756e-05,1.0828740954827178e-05,-2.1152573221652116,-0.15557667248348053,-0.25659454494520656,-0.0006940543592140353,-0.001327053048256978,-0.0023554516386219485,0.00035556145942670236
2.67,316.8113196021253,172.639526164006,2.3513185030068335,3.2694141846391425,1.0,307.95980243244435,190.7753630026155,2.0062301143253167,2.562364015492573,0.6303088784675019,1.8197760885237153e-05,1.0784404137417173e-05,-2.115256922823878,-0.1555995218204039,-0.25653203269574015,-0.000708556017349173,-0.0012972850904967848,-0.002461044013120732,0.0002759804648850911
2.69,316.8113196021253,172.639526164006,2.3513185030068335,3.2694141846391425,1.0,307.88007278864336,190.90703131862458,2.003121746145939,2.5572307478119076,0.630308889612758,1.817877295417744e-05,1.0737760169116082e-05,-2.115257235684588,-0.15559439722395862,-0.25651454511493066,-0.0007135742112165484,-0.00128182834825998,-0.0025017903145313426,0.00025738207347401394
2.71,316.8113196021253,172.639526164006,2.3513185030068335,3.2694141846391425,1.0,307.80034640759754,191.03869337546172,2.000013505169495,2.5520977241535396,0.6303089000702398,1.8178715776784697e-05,1.0696346210272972e-05,-2.1152576683058855,-0.15558758829792527,-0.2564985568749725,-0.0007184783698045371,-0.0012694225663786936,-0.002536157153691676,0.0002500489705443085
2.73,316.8113196021253,172.639526164006,2.3513185030068335,3.2694141846391425,1.0,307.72062378860096,191.17034918753504,1.9969054108616364,2.546964943955748,0.6303089104556607,1.817943947193219e-05,1.0655887228911411e-05,-2.1152581154756422,-0.15558003916235744,-0.2564821793092556,-0.0007232959380483867,-0.0012564308603169685,-0.002568924303402827,0.00024434396231647336
2.75,316.8113196021253,172.639526164006,2.3513185030068335,3.2694141846391425,1.0,307.6409051519925,191.301998501432,1.9937974718125746,2.541832417098168,0.6303089209739814,1.8177850451086174e-05,1.0615141211088888e-05,-2.1152585587003823,-0.15557197553581312,-0.25646528196947227,-0.0007279928024452278,-0.001242407320407043,-0.0026007479228991495,0.00023862137449913033
2.77,316.8113196021253,172.639526164006,2.3513185030068335,3.2694141846391425,1.0,307.56127796867816,191.43369101202398,1.9906930981940811,2.5366982061589094,0.6303122102564476,5.648348820115783e-06,2.3049972171249974e-07,-2.1152509991313995,-0.15539110140169538,-0.25663224885798724,1.5330560397109784e-08,9.642955956904967e-05,-0.00024619448901210607,7.424429913213546e-05
2.79,316.8113196021253,172.639526164006,2.3513185030068335,3.2694141846391425,1.0,307.48152335990574,191.5653237390188,1.987583756721472,2.53156632596418,0.6303095452872962,1.610607538281275e-05,1.036626537326579e-05,-2.1152525231175634,-0.15601779704373805,-0.25632760920182135,-0.0010118314090541778,0.00022631861090426477,-0.004338449164541015,-0.00078174608982016
2.81,316.8113196021253,172.639526164006,2.3513185030068335,3.2694141846391425,1.0,307.4017492695178,191.69697754953296,1.9844736557316878,2.5264336237998846,0.630308953055647,1.810302471239492e-05,1.0486679166520647e-05,-2.115257597378142,-0.15556476099436148,-0.25643466565926126,-0.000742008678394929,-0.0011812203820219566,-0.00270972763698077,0.00018196130146679225
2.83,316.8113196021253,172.639526164006,2.3513185030068335,3.2694141846391425,1.0,307.3220442798325,191.82860316628867,1.981366248726414,2.521302020807459,0.6303089653771955,1.8132676082682353e-05,1.0443719687080638e-05,-2.1152583575123747,-0.15553693581811706,-0.2563951618130748,-0.0007450635140982891,-0.0011747987944020909,-0.0027213336587546167,0.00020538034558861148
2.85,316.8113196021253,172.639526164006,2.3513185030068335,3.2694141846391425,1.0,307.24234784427887,191.96021629620068,1.9782591752155507,2.516170904631552,0.6303089771388739,1.8125704112619125e-05,1.0399445108350222e-05,-2.115258835077259,-0.15552389352526633,-0.25637261621232965,-0.0007485611705135126,-0.001158744946896721,-0.0027446696634569954,0.0002034776197709993
2.87,316.8113196021253,172.639526164006,2.3513185030068335,3.2694141846391425,1.0,307.16265703313525,192.0918204194793,1.9751523209799327,2.511040139591451,0.6303089892044285,1.8108996715065205e-05,1.0353512778794544e-05,-2.1152592514753668,-0.15551225652607628,-0.25635161244043675,-0.0007518958014301532,-0.0011403733154543324,-0.0027690952691581086,0.00019695113659175348
2.89,316.8113196021253,172.639526164006,2.3513185030068335,3.2694141846391425,1.0,307.08297164197654,192.2234156490241,1.9720456780497664,2.50590972128561,0.6303090015371938,1.8088356132950512e-05,1.0306468531149466e-05,-2.115259649888045,-0.1555002710352518,-0.2563301257058161,-0.000754959352699541,-0.0011211375939062952,-0.0027925718764797857,0.00018922961667204523
2.91,316.8113196021253,172.639526164006,2.3513185030068335,3.2694141846391425,1.0,307.00329186020156,192.35500162778916,1.9689392538090282,2.500779663633951,0.6303090141202259,1.8064947536076055e-05,1.0258470815975371e-05,-2.115260039763492,-0.15548764173462856,-0.25630783787409783,-0.0007577036860120883,-0.0011013743268042258,-0.0028145701564097525,0.00018102244082227124
2.93,316.8113196021253,172.639526164006,2.3513185030068335,3.2694141846391425,1.0,306.92361795466775,192.48657790313374,1.9658330586615094,2.4956499842832844,0.630309026941851,1.8039062762795078e-05,1.0209570836825932e-05,-2.1152604234052315,-0.15547427910229572,-0.2562846454440667,-0.000760094008405501,-0.001081213089462799,-0.0028348532733847077,0.00017248679096449823
2.95,316.8113196021253,172.639526164006,2.3513185030068335,3.2694141846391425,1.0,306.8439502255878,192.61814397386965,1.962727104311416,2.4905207027731135,0.6303090399908842,1.801082305822076e-05,1.01597935332639e-05,-2.1152608015137693,-0.15546011937535534,-0.25626046608293884,-0.000762095648301154,-0.001060748535756258,-0.002853227259066527,0.00016366012445670621
2.97,316.8113196021253,172.639526164006,2.3513185030068335,3.2694141846391425,1.0,306.76428900233986,192.74969929263986,1.9596214035999941,2.485391840442891,0.630309053255859,1.7980312823770533e-05,1.0109156231570923e-05,-2.115261174394919,-0.15544509676030707,-0.2562352124349383,-0.0007636697219407188,-0.0010400754752107884,-0.002869483930391352,0.00015455155623617523
2.99,316.8113196021253,172.639526164006,2.3513185030068335,3.2694141846391425,1.0,306.6845548694928,192.8811482742934,1.956512860409078,2.4802671238092246,0.6303016373227446,4.555348280425231e-05,-1.2315721460225e-07,-2.1152593427325344,-0.15624771201841514,-0.2548919054243168,-0.003907443817693881,-0.007268600623390884,-0.011624262087610554,0.00017298413795211002
3.01,316.8113196021253,172.639526164006,2.3513185030068335,3.2694141846391425,1.0,306.60510442404563,193.012012787875,1.9534153771557758,2.4751651934551657,0.6302984402076659,5.662336707865657e-05,9.683067799861288e-08,-2.1152609997724463,-0.1548396817656334,-0.25445109637442825,-0.0038672726446854055,-0.007962433417606213,-0.011904762938169878,-8.120321046403955e-05
3.03,316.8113196021253,172.639526164006,2.3513185030068335,3.2694141846391425,1.0,306.52594237743523,193.14272066755385,1.9503291375218434,2.4700693696860094,0.6302984997244642,5.647897020719376e-05,-2.991993947080117e-09,-2.115261924998508,-0.15466834898310267,-0.2541799581809235,-0.0038407252626322303,-0.008049448435306725,-0.011865182589807396,-5.88354630566886e-05
3.05,316.8113196021253,172.639526164006,2.3513185030068335,3.2694141846391425,1.0,306.44684384993883,193.27332433631793,1.9472453742666227,2.4649776087205484,0.6302985463534313,5.6343492612308386e-05,-8.518682916894338e-08,-2.1152626819519638,-0.15454878910776865,-0.2539923196744156,-0.0038145710934740437,-0.008104635917128861,-0.011824355742151547,-6.583180834181814e-05
3.07,316.8113196021253,172.639526164006,2.3513185030068335,3.2694141846391425,1.0,306.3678062247718,193.40436381426684,1.944163985371221,2.4598688571435923,0.6303090975333697,1.787853297567929e-05,9.814462024356117e-06,-2.1152624637477433,-0.15505161492547023,-0.2556996777430348,-0.0007683955986188754,-0.0010069048350301176,-0.0029282908567914152,0.00013241929077047334
3.09,316.8113196021253,172.639526164006,2.3513185030068335,3.2694141846391425,1.0,306.28825107420636,193.53575649482562,1.941062420047031,2.4547463354843817,0.630309118748656,1.7792379132818092e-05,9.775001176995552e-06,-2.115262806230622,-0.15530044616583,-0.25599786510066747,-0.0007655000601895431,-0.0009499413326276376,-0.002927287998276051,0.00010055123959447239
3.11,316.8113196021253,172.639526164006,2.3513185030068335,3.2694141846391425,1.0,306.2086558197101,193.66720400970055,1.937959291216769,2.4496216760350666,0.6303091396096129,1.771713246804755e-05,9.713076472961805e-06,-2.115263155155492,-0.15530536467244843,-0.256007229834953,-0.0007598736136907951,-0.0009222868945614175,-0.0029132767316806677,8.855630000350599e-05
3.13,316.8113196021253,172.639526164006,2.3513185030068335,3.2694141846391425,1.0,306.12906499741854,193.79864331492334,1.9348563351820094,2.4444973366501626,0.6303091551753308,1.7665118665009562e-05,9.654037861407986e-06,-2.115263494360592,-0.15528382143000957,-0.255974956414528,-0.0007551298827070169,-0.000903675181197289,-0.0028984734273774155,7.690711685521627e-05
3.15,316.8113196021253,172.639526164006,2.3513185030068335,3.2694141846391425,1.0,306.04948470470214,193.93006508825616,1.9317537896570032,2.4393736807697413,0.6303091700320974,1.761511136920033e-05,9.594766303107439e-06,-2.1152638247112843,-0.15525715119899192,-0.25593521767121896,-0.000749372334902862,-0.0008879076334421385,-0.0028776833103013847,6.488843341195358e-05
3.17,316.8113196021253,172.639526164006,2.3513185030068335,3.2694141846391425,1.0,305.9699164958751,194.06146690575918,1.9286517152387972,2.4342508028943786,0.6303091848308974,1.7563599436115587e-05,9.534626892010054e-06,-2.1152641469619944,-0.15522802658575577,-0.2558923133347861,-0.0007421140631292456,-0.00087446885758405,-0.002849074561840134,5.2447308565313174e-05
3.19,316.8113196021253,172.639526164006,2.3513185030068335,3.2694141846391425,1.0,305.89036137524374,194.19284714890395,1.925550151081627,2.4291287661246015,0.6303091996360339,1.750990192154312e-05,9.473482042325807e-06,-2.115264460493863,-0.1551967032333032,-0.25584671416633953,-0.0007330446249498249,-0.0008637931073288273,-0.0028111360373066084,3.958222694446997e-05
3.21,316.8113196021253,172.639526164006,2.3513185030068335,3.2694141846391425,1.0,305.81082032104246,194.3242042270176,1.922449135323292,2.4240076324749484,0.6303092144090114,1.7453793056425608e-05,9.411322470743268e-06,-2.1152647638817377,-0.1551631435398785,-0.25579844006331276,-0.0007218399600112933,-0.0008565704436684028,-0.002762186430759397,2.6288152141180486e-05
3.23,316.8113196021253,172.639526164006,2.3513185030068335,3.2694141846391425,1.0,305.7312943402966,194.45553650364496,1.9193487072240376,2.4188874657448354,0.6303092290755743,1.739513930077239e-05,9.348228250587914e-06,-2.1152650550835452,-0.15512733468421264,-0.25574755274663186,-0.000708133718916178,-0.0008536292227156197,-0.002700298663850637,1.2570575120349756e-05
3.25,316.8113196021253,172.639526164006,2.3513185030068335,3.2694141846391425,1.0,305.651805768265,194.58636316989634,1.9162497375541907,2.4137870109202213,0.6302997613324062,5.185503862261455e-05,-6.865302413801574e-07,-2.1152673352932916,-0.1543806751970056,-0.25299189661906063,-0.0033684365310118415,-0.007354515272358959,-0.009875324864869727,-0.0006577921213310497
3.27,316.8113196021253,172.639526164006,2.3513185030068335,3.2694141846391425,1.0,305.57315020027556,194.71615005838498,1.9131832436754597,2.4087270932403517,0.6302993215258678,5.3439939906430194e-05,-7.109412808263515e-07,-2.1152687879734424,-0.15332480176425115,-0.2519508609124192,-0.003159874354962216,-0.008047931671699331,-0.009678420563451823,-0.0004127518740257967
3.29,316.8113196021253,172.639526164006,2.3513185030068335,3.2694141846391425,1.0,305.49473107972216,194.8456303720511,1.9101259680203584,2.4036791277952796,0.6302993667551358,5.336537501497898e-05,-8.076446680807223e-07,-2.1152696226939347,-0.15307301514301194,-0.2515741074515148,-0.0030646597194091806,-0.008040830617316669,-0.009264736143575016,-0.0005047540142097618
3.31,316.8113196021253,172.639526164006,2.3513185030068335,3.2694141846391425,1.0,305.41640718449867,194.97496014839288,1.9070724048537488,2.398637031251739,0.6302994742888332,5.293763122100682e-05,-8.827373396877351e-07,-2.1152705778755876,-0.15289466646583147,-0.25132066208528725,-0.002936915681197234,-0.00801597428981271,-0.008755846862648093,-0.0005778694675797524
3.33,316.8113196021253,172.639526164006,2.3513185030068335,3.2694141846391425,1.0,305.3381592746825,195.104168146427,1.9040218040811872,2.393599682400507,0.6302995965255809,5.2407078976642705e-05,-9.180234687584686e-07,-2.1152715122690267,-0.15273456137368302,-0.25110239141091856,-0.002789153133198043,-0.007968396653354973,-0.008174692748217981,-0.000628890695767836
3.35,316.8113196021253,172.639526164006,2.3513185030068335,3.2694141846391425,1.0,305.2599785517406,195.2332684759227,1.900973822679944,2.3885665311531117,0.6302997247924381,5.1809277853362996e-05,-9.054877487286136e-07,-2.115272364464545,-0.15259393534237065,-0.2509166957623209,-0.002623879274164369,-0.007889447941387824,-0.007532827530368915,-0.0006716464866716192
3.37,316.8113196021253,172.639526164006,2.3513185030068335,3.2694141846391425,1.0,305.18185387965116,195.36227792943157,1.8979280264971228,2.383536922829178,0.6302998606015014,5.11867420032492e-05,-9.62102498151332e-07,-2.1152730346359117,-0.15247255148387195,-0.2507755783639451,-0.002465857522934164,-0.0077136882290235985,-0.006793742651977176,-0.0007240839912631563
3.39,316.8113196021253,172.639526164006,2.3513185030068335,3.2694141846391425,1.0,305.10377222050226,195.4912177635215,1.8948839072320576,2.3785100287126135,0.6303000129850777,5.066600830156237e-05,-1.1945167747896634e-06,-2.1152733907128405,-0.15237968144641975,-0.2506863749180783,-0.002308483640428536,-0.007441070074686742,-0.006029886934229345,-0.0007958597396190286
3.41,316.8113196021253,172.639526164006,2.3513185030068335,3.2694141846391425,1.0,305.02554855323814,195.6208170541483,1.891834251588231,2.3734574247895397,0.6303084982539993,1.967699532986512e-05,1.0296651568002839e-05,-2.1152692450889017,-0.15384049090264273,-0.25378444854310694,-0.0006514092234766974,-0.0014260155972694092,-0.0020429555667219154,-0.00024053108690290663
3.43,316.8113196021253,172.639526164006,2.3513185030068335,3.2694141846391425,1.0,304.9459978233597,195.7508949715574,1.8887328586105132,2.368386160952928,0.6302996960394271,0.0002657957463631167,0.0002919214094864067,-2.1152809804164594,-0.1579476266894067,-0.2508780181512774,-0.004394038502128274,0.018292783728388072,-0.0557388366732113,-0.0017212396339761076
3.45,316.8113196021253,172.639526164006,2.3513185030068335,3.2694141846391425,1.0,304.86462454410974,195.87880837378387,1.8855604110764033,2.3633992836731426,0.6303240623047052,0.0013365770767604782,0.0014819878236365922,-2.115288794639817,-0.15929403249502305,-0.24609567611413416,-0.010942522288887011,0.03304616231857003,-0.08340112394672584,-0.002210640306722146
3.47,316.8113196021253,172.639526164006,2.3513185030068335,3.2694141846391425,1.0,304.7825459368422,196.00482184655183,1.8823604653739627,2.3584864777172774,0.6304046921286608,0.002802630487162959,0.00310983667399299,-2.1152915138609476,-0.16089969090809692,-0.24341604686389476,-0.009934194438756119,0.04208985782016912,-0.11177476553771692,-0.002379256751773814
3.49,316.8113196021253,172.639526164006,2.3513185030068335,3.2694141846391425,1.0,304.6993564573099,196.13001932957263,1.879117210811302,2.3536054842271885,0.6305098580071562,0.004671884024253502,0.005189987147241938,-2.1152884342281193,-0.16349695794096897,-0.24237512366791228,-0.008664943890922892,0.0518733095451556,-0.14042927999157348,-0.00229332426491349
3.51,316.8113196021253,172.639526164006,2.3513185030068335,3.2694141846391425,1.0,304.6053373473353,196.25388033982986,1.875451748434126,2.3487765949384065,0.6302293108202872,0.0068673227241399125,0.006211559808811519,-2.1163490069999105,-0.16790251990715221,-0.2373163851724512,-0.01223182007137701,0.04374173034066988,-0.23379377373349347,-0.02154188168352314
3.53,316.8113196021253,172.639526164006,2.3513185030068335,3.2694141846391425,1.0,304.49189981838657,196.37148864431308,1.8710292326856375,2.344191475855241,0.630428122029801,0.008426912813345898,0.008539366481344275,-2.1186327071477735,-0.18640446876451855,-0.2321078005855636,-0.013203216111113424,0.07105929965666946,-0.31143020906279445,-0.016505127872852784
3.55,316.8113196021253,172.639526164006,2.3513185030068335,3.2694141846391425,1.0,304.39349341422184,196.491683253145,1.8671927257006584,2.339505526193177,0.6306478300694467,0.013838054028697373,0.013979533227907556,-2.1182598304879647,-0.19094007035920457,-0.2408124673115168,-0.00773195568544649,0.10815504364055915,-0.4154464138171733,-0.015938601895845388
3.57,316.8113196021253,172.639526164006,2.3513185030068335,3.2694141846391425,1.0,304.2640270851439,196.61483406689337,1.8621453054636978,2.334704324877452,0.6305576530715958,0.015380301238870582,0.015066059935255888,-2.1207278461012393,-0.19252043787342782,-0.23895042659110446,-0.0005888684594341255,0.14972088936283307,-0.4598433781702091,-0.02795710814082851
3.59,316.8113196021253,172.639526164006,2.3513185030068335,3.2694141846391425,1.0,304.1421737768365,196.7388506198181,1.8573946891554178,2.3298693715470535,0.6304409106274058,0.017249236367494532,0.018410678668039217,-2.1227559256904627,-0.21321889614005685,-0.2476794825885233,-0.0524093254792608,0.12864855696109329,-0.19967329143669565,-0.027981621368777645
3.61,316.8113196021253,172.639526164006,2.3513185030068335,3.2694141846391425,1.0,304.0118257667513,196.86248833584483,1.8523128953899128,2.325049187686361,0.6276678948562255,0.011175433140106395,0.02007725037628314,-2.1243809871321337,-0.2525476508291963,-0.2260126429441706,-0.20789227035225288,0.523297006418505,0.3165842207506436,-0.058886726776534906
3.63,316.8113196021253,172.639526164006,2.3513185030068335,3.2694141846391425,1.0,303.874084553096,196.98264683955503,1.8469428675670956,2.320364645631383,0.6238627717217868,-0.000803486042698019,0.02570088556338155,-2.1259345987872,-0.25446470187091913,-0.2507561399836028,-0.05409804526809807,0.30075131580584286,-0.09738066206203051,0.001452280646165184
3.65,316.8113196021253,172.639526164006,2.3513185030068335,3.2694141846391425,1.0,303.7392734751267,197.11902436688922,1.841687075053674,2.315047782967282,0.6229014141134088,0.00010653789242088276,0.028913763757850573,-2.1258469291970266,-0.2688732866477365,-0.2650241253415573,-0.05160515418441021,0.1416944405202441,-0.1253847628599017,0.01557636305659456
3.67,316.8113196021253,172.639526164006,2.3513185030068335,3.2694141846391425,1.0,303.6005723540676,197.25236149485764,1.8362796239402575,2.3098494543915145,0.6213204046188079,9.783321436913935e-05,0.03513046363989028,-2.1255436769876237,-0.26513856482241266,-0.2522474942641615,-0.12778951055793786,0.4134407658125649,-0.2661652311843434,0.016195190697637342
3.69,316.8113196021253,172.639526164006,2.3513185030068335,3.2694141846391425,1.0,303.43903786615016,197.38092012269342,1.8299819830857764,2.3048374221172145,0.6194931153953588,-0.001843087564326962,0.04444072047189334,-2.127000180134092,-0.2798290351616361,-0.2628531371540277,-0.16144832870289072,0.3760067135929077,-0.3342576634625978,0.013345924675399124
3.71,316.8113196021253,172.639526164006,2.3513185030068335,3.2694141846391425,1.0,303.3008605618629,197.5088345735035,1.8245949536788661,2.2998505039569785,0.6149204817422019,0.0001321041374255464,0.06046239935818628,-2.1268760061630925,-0.2697319095097481,-0.23381822836454674,-0.2886602139093406,0.9573647063068909,-0.5105469345381831,0.0026007863789913755
3.73,316.8113196021253,172.639526164006,2.3513185030068335,3.2694141846391425,1.0,302.9954588726647,197.5975278895732,1.8126884550746454,2.2963926748704417,0.6148241385019214,-0.013875719120650566,0.0759249148046371,-2.140621750338168,-0.36204449249654225,-0.23607255639036862,-0.26108369768787615,0.8410962058876756,-0.3467688840735428,-0.16776190452274725
3.75,316.8113196021253,172.639526164006,2.3513185030068335,3.2694141846391425,1.0,302.7538739707639,197.7275635707928,1.8032699403806594,2.2913230576688974,0.6134460501621575,-0.01584604534693179,0.08632950814886173,-2.1470874749234476,-0.4210187076504071,-0.2934314505288728,-0.16640137870685498,0.3187848408492335,-0.2607629411919754,-0.16074073669666417
3.77,316.8113196021253,172.639526164006,2.3513185030068335,3.2694141846391425,1.0,302.5383421955668,197.89042576057477,1.79486714212736,2.2849736545584887,0.6110708443219782,-0.01076211241024398,0.08955366800848365,-2.1477747299820185,-0.41824982591186183,-0.3266471529497472,-0.1549793409457588,-0.13838883161605287,-0.27952831863895833,0.00968870644735645
3.8,316.8113196021253,172.639526164006,2.3513185030068335,3.2694141846391425,1.0,302.33069051318023,198.05824357765212,1.7867715599680407,2.2784310496042055,0.6083506534366623,-0.0008138958675749516,0.0868876413180161,-2.1455512718451466,-0.39488312072182613,-0.3174953124717622,-0.17154939448983858,-0.49068480568760875,-0.34273982071011344,0.09140664773233992
3.82,316.8113196021253,172.639526164006,2.3513185030068335,3.2694141846391425,1.0,302.13735442077075,198.20598942507607,1.7792340904783916,2.2726709775798803,0.606295593489474,0.00015851592691343885,0.09428541832951438,-2.1444687289815274,-0.3616459218737011,-0.2911082069837761,-0.1137140760906078,0.2994585735534362,-0.22743175465127816,0.052034620025848494
3.84,316.8113196021253,172.639526164006,2.3513185030068335,3.2694141846391425,1.0,301.96938699686706,198.34541880610504,1.7726856528993005,2.267235134264912,0.602959362196091,6.791452232168746e-05,0.10774948916481669,-2.1442704129161863,-0.3098642018024281,-0.2643992349405808,-0.2231512661630856,0.7334101678755054,-0.4832801474095923,-0.008089405544301171
3.86,316.8113196021253,172.639526164006,2.3513185030068335,3.2694141846391425,1.0,301.762189438736,198.53453159366697,1.7646077753893177,2.259862316036375,0.6010157632995982,-0.00048029065101479375,0.11543901168556442,-2.151747436992298,-0.30959302470834743,-0.3436268883880419,-0.19397754449205803,0.5341688186917948,-0.3575404352135708,-0.04623912851960593
3.88,316.8113196021253,172.639526164006,2.3513185030068335,3.2694141846391425,1.0,301.5854816901244,198.71311545781802,1.7577185844103085,2.2528999821513445,0.5992967177188472,-0.00013911963797114027,0.12236559391909815,-2.1540231612949112,-0.2890840271536287,-0.34723339582947355,-0.13756323142731824,0.1631518572808118,-0.31490495262271523,-0.00616902554907608
3.9,316.8113196021253,172.639526164006,2.3513185030068335,3.2694141846391425,1.0,301.4426363203468,199.02524547103965,1.7521495641460745,2.2407311707197017,0.6054949291127305,0.031013472664573067,0.12057325714504608,-2.1612769678556756,-0.23420423896490847,-0.32926671975934113,-0.15718376521829786,0.46023521098841064,-0.21783371047488886,-0.025355907678712264
3.92,316.8113196021253,172.639526164006,2.3513185030068335,3.2694141846391425,1.0,301.33196169745133,199.1977595327656,1.747834764033191,2.234005476305435,0.6036332046941454,0.033059717711380575,0.13432981951945377,-2.159261282705209,-0.2137012161541058,-0.3206891097252035,-0.15819285097237887,0.46833475490789545,-0.4901916809851879,0.12449203166054523
3.95,316.8113196021253,172.639526164006,2.3513185030068335,3.2694141846391425,1.0,301.21697221791885,199.372891062038,1.7433517433886463,2.227177736372787,0.6006564205393043,0.02901013431032342,0.14269060582326534,-2.1586496218187725,-0.204794783556236,-0.3498848477939721,-0.16536752632095458,0.4319547010394985,0.02148855762609693,-0.03314854665811759
3.97,316.8113196021253,172.639526164006,2.3513185030068335,3.2694141846391425,1.0,301.1165233830417,199.5472705699847,1.7394356094753087,2.2203793150103435,0.5976482234371858,0.023132969079967557,0.14952928947048807,-2.1599614740557618,-0.1907322838793968,-0.33299132981586405,-0.15632300145966355,0.3910215191445021,0.08525869120615796,0.0001672182481126821
3.99,316.8113196021253,172.639526164006,2.3513185030068335,3.2694141846391425,1.0,301.0248021078371,199.71436053694273,1.7358597312996917,2.213865086279036,0.5948482803768739,0.01704350617049945,0.15533724481152947,-2.160604637913152,-0.17151958880729715,-0.32024095121103674,-0.14769241304830658,0.365219102657675,0.09353687717505968,0.03339494812285317
4.01,316.8113196021253,172.639526164006,2.3513185030068335,3.2694141846391425,1.0,300.93943019181523,199.87492635725235,1.7325313914937728,2.207605210243573,0.5922071570954446,0.01136664367222579,0.160886047625938,-2.1607134956884684,-0.16464851992270227,-0.30952949859187107,-0.14117276972344422,0.35003904676171577,0.0863623631284321,0.042646251767428006
4.03,316.8113196021253,172.639526164006,2.3513185030068335,3.2694141846391425,1.0,300.85502102417144,200.0319377085231,1.7292405857376771,2.2014839099991,0.5896235981377919,0.005858584525895762,0.16634752167129968,-2.160900515346921,-0.16353488229389287,-0.3057622458875138,-0.13904468086565389,0.3456140301611794,0.08296168768509532,0.040706908923322134
4.05,316.8113196021253,172.639526164006,2.3513185030068335,3.2694141846391425,1.0,300.77091664202425,200.18770543689413,1.7259616624570853,2.1954110940782012,0.5870618731885454,0.0004183018127986439,0.1717764460554527,-2.1611170405224924,-0.16329427422069934,-0.30409913090087365,-0.13813231781515614,0.34320944162800215,0.08038956217189017,0.04066147513312704
4.07,316.8113196021253,172.639526164006,2.3513185030068335,3.2694141846391425,1.0,300.66979212392005,200.3422534264462,1.7220191861177399,2.1893858313276335,0.5855796209502918,3.021430461840681e-06,0.17759814119145653,-2.160940054845751,-0.20782882490312518,-0.2998205337045405,-0.08585937595649124,0.16956454362919798,-0.19907204102109102,-0.008648617682310797
4.09,316.8113196021253,172.639526164006,2.3513185030068335,3.2694141846391425,1.0,300.56653281082066,200.49531811789748,1.7179934819033398,2.183418396963062,0.5842357069961847,-1.639663021126467e-05,0.18312054881551482,-2.1610100003399833,-0.19428046905548685,-0.2939429348547367,-0.07674394248695195,0.250105434744719,-0.17469561450934942,0.006081958555244897
4.12,316.8113196021253,172.639526164006,2.3513185030068335,3.2694141846391425,1.0,300.46497779275506,200.64695037195378,1.7140342219397686,2.177506808110964,0.5828968655182222,-1.5638806737452054e-05,0.18857370114491914,-2.161007457338126,-0.1939521708274231,-0.29195707045416497,-0.07607097290339672,0.24741492376214386,-0.17421096835507355,0.003423980633678968
4.15,316.8113196021253,172.639526164006,2.3513185030068335,3.2694141846391425,1.0,300.3638073876924,200.79794428133195,1.710089956635182,2.1716201059909577,0.5815661817285135,-1.5234803888304609e-05,0.19400428040951265,-2.161010329465317,-0.19339274719910546,-0.2910444938275675,-0.07555122885265966,0.24641901374955666,-0.1735959175276625,0.00331822630979676
4.18,316.8113196021253,172.639526164006,2.3513185030068335,3.2694141846391425,1.0,300.26289933256226,200.9485537731043,1.7061559193981366,2.165748390912113,0.5802411455596413,-1.4958301126940608e-05,0.19942136892210352,-2.161012438595409,-0.1930237976254696,-0.29038799357004763,-0.0751258123022927,0.2456747454884843,-0.1731572310710062,0.0031121370945540482
4.21,316.8113196021253,172.639526164006,2.3513185030068335,3.2694141846391425,1.0,300.16219686246103,201.09885939829888,1.7022298971719692,2.159888522483474,0.5789211358478852,-1.4744473306600225e-05,0.20482774660331513,-2.1610142468610194,-0.19270954248338576,-0.28982611633146427,-0.0747343359489015,0.24502084926271003,-0.17277769101277912,0.0029246523651864143
4.24,316.8113196021253,172.639526164006,2.3513185030068335,3.2694141846391425,1.0,300.0616781344814,201.24889281102594,1.698311038381342,2.1540392666266692,0.5776058857890851,-1.4567526131696901e-05,0.21022463721997536,-2.161015841634734,-0.19241909048882505,-0.2893098612677783,-0.0743597610885136,0.2444105104155276,-0.17242851210066193,0.0027525320227753036
4.27,316.8113196021253,172.639526164006,2.3513185030068335,3.2694141846391425,1.0,299.961331370871,201.3986711739206,1.6943988838546191,2.148199954233116,0.5762952417279714,-1.4418726855477955e-05,0.21561278971356657,-2.161017263083127,-0.1921427190297827,-0.28882355273012517,-0.0739966372284475,0.24382954140615568,-0.1721009074769399,0.002594556585638284
4.3,316.8113196021253,172.639526164006,2.3513185030068335,3.2694141846391425,1.0,299.8642295897438,201.54425086884203,1.6906132393662305,2.142524332598751,0.5744583725045689,4.144328808648826e-05,0.2231806658000636,-2.1609496925861773,-0.18214186186997477,-0.2737758313286116,-0.1412237922131003,0.47224741343670984,-0.32446690890477636,0.003066882129894106
4.34,316.8113196021253,172.639526164006,2.3513185030068335,3.2694141846391425,1.0,299.74940652778747,201.7090301750278,1.6861367067363546,2.136100188108077,0.5733655950660755,-0.0007831364899165608,0.22851616564105354,-2.1611122527330804,-0.21455531158930882,-0.311961621314612,-0.0943121985670348,0.21094214617744203,-0.2152677887364516,-0.040869886522199396
4.38,316.8113196021253,172.639526164006,2.3513185030068335,3.2694141846391425,1.0,299.6402831054191,201.86425634363167,1.6818823822775466,2.130048485628395,0.5719151373606672,3.2914090174000445e-05,0.23366556848729778,-2.1613946275108695,-0.19364023233122654,-0.29357385841007155,-0.0756246656654838,0.2512811821372368,-0.1749822633621075,0.005487422668272299
4.42,316.8113196021253,172.639526164006,2.3513185030068335,3.2694141846391425,1.0,299.54009129744867,202.0146709772185,1.6779762689063809,2.124184367359903,0.5706236383079594,-6.5995095910183305e-06,0.23905333581320995,-2.161324023049992,-0.19216246478781573,-0.28780060441723837,-0.0675383793620408,0.22838880795791355,-0.15987022797774006,0.001661862688003364
4.46,316.8113196021253,172.639526164006,2.3513185030068335,3.2694141846391425,1.0,299.4407941470371,202.16288670316507,1.6741050349722053,2.118405976484793,0.569423390958813,-1.2591240195686187e-05,0.2440373470336963,-2.1613132267443467,-0.19020008713232775,-0.2851198944649824,-0.06740793730620907,0.22494771789271617,-0.15950352260788453,0.0014609322632839492
4.5,316.8113196021253,172.639526164006,2.3513185030068335,3.2694141846391425,1.0,299.341950856472,202.31033173109006,1.6702514953790248,2.1126576323161768,0.568236722767907,-1.2442138228004691e-05,0.24897735301801757,-2.161313629702563,-0.1895995378696595,-0.2842039886277862,-0.06698892685611257,0.22411294600600354,-0.15903600617343422,0.001345922346238932
4.55,316.8113196021253,172.639526164006,2.3513185030068335,3.2694141846391425,1.0,299.24368153941924,202.45691768824844,1.666420332920827,2.1069427801852454,0.5671254512944143,-1.0918385288114507e-05,0.2536153491007277,-2.1613172506070577,-0.1882193239887514,-0.2820403110467851,-0.061726645094563534,0.20767497147388397,-0.1472372296903658,0.0020525554265752592
4.59,316.8113196021253,172.639526164006,2.3513185030068335,3.2694141846391425,1.0,299.145928541002,202.6027837072701,1.6626092998441313,2.1012559958179295,0.5660412579226721,-1.2396966118184217e-05,0.25814362516940137,-2.1613107932351503,-0.1879084498540977,-0.2812704974553206,-0.06156408876929633,0.20675688750370064,-0.14730461098703515,0.0006703840489863515
4.64,316.8113196021253,172.639526164006,2.3513185030068335,3.2694141846391425,1.0,299.04832321529955,202.748390073243,1.6588040239882875,2.0955793343764912,0.564962619850987,-1.2412599806658267e-05,0.2626589716521585,-2.161310957085388,-0.18763365059556975,-0.2808658376135933,-0.061308725130343175,0.20636936011500295,-0.14713176845528328,0.00063360264701469
4.7,316.8113196021253,172.639526164006,2.3513185030068335,3.2694141846391425,1.0,298.9508437268806,202.89381037403285,1.6550036540694189,2.08990992693829,0.5638869004237617,-1.2451168093530806e-05,0.2671704788778145,-2.1613110728051446,-0.1874231171199056,-0.28054089704805524,-0.061070812435208593,0.20603698369796417,-0.1470067378550281,0.0005706522518000456
4.76,316.8113196021253,172.639526164006,2.3513185030068335,3.2694141846391425,1.0,298.85347434952644,203.03906682709683,1.6512075769795866,2.0842469073256593,0.5628139357395493,-1.2499420429923697e-05,0.2716789101741186,-2.161311175498684,-0.18722568486963886,-0.2802389157363687,-0.06083597493978882,0.20571870186224842,-0.14689262931463057,0.0005139676074038036
4.81,316.8113196021253,172.639526164006,2.3513185030068335,3.2694141846391425,1.0,298.7562109644552,203.18416565653382,1.647415632142502,2.078590032883672,0.5617436771563962,-1.2555039102509041e-05,0.2761845440659495,-2.1613112414729776,-0.1870318198870353,-0.27994489593489996,-0.060601139796196274,0.20540419701720522,-0.146783299651514,0.00046056025969125737
4.88,316.8113196021253,172.639526164006,2.3513185030068335,3.2694141846391425,1.0,298.65905212647624,203.32910905264674,1.6436277632154472,2.0729392182204,0.5606761067558618,-1.2617443554953913e-05,0.2806875340527502,-2.161311264096896,-0.18683889940916718,-0.2796549749328572,-0.060365151380156044,0.20508996238458313,-0.1466766686657553,0.000410194071498809
4.94,316.8113196021253,172.639526164006,2.3513185030068335,3.2694141846391425,1.0,298.5619971839183,203.4738980207505,1.6398439447921365,2.0672944241422813,0.5596112157629607,-1.2686332089699117e-05,0.2851879964742729,-2.161311239897182,-0.18664602082525536,-0.27936789258229466,-0.060127255038380664,0.20477395332629722,-0.14657160318533147,0.00036288509351227856
5.01,316.8113196021253,172.639526164006,2.3513185030068335,3.2694141846391425,1.0,298.4650458312204,203.61853305599527,1.6360641649598584,2.061655631345214,0.5585489994441378,-1.2761520113770453e-05,0.289686031426915,-2.161311165744267,-0.1864526984908149,-0.27908304942713397,-0.05988674937503508,0.20445435586436206,-0.14646709800122298,0.0003187699886465577
5.07,316.8113196021253,172.639526164006,2.3513185030068335,3.2694141846391425,1.0,298.3681118759124,203.76316635507092,1.6322850633883956,2.056016906235052,0.5575121315766779,-1.7511494303178706e-05,0.2940914222951132,-2.1613116057129234,-0.18794277638900886,-0.28116860957945156,-0.05081856054505118,0.1737526666406449,-0.1220506891691639,-0.0001612664884412192
5.14,316.8113196021253,172.639526164006,2.3513185030068335,3.2694141846391425,1.0,298.27191413022894,203.906678011872,1.628534663946547,2.050421909868539,0.5566205233278151,-1.2059511414784013e-05,0.2978769938252304,-2.1613104838215618,-0.18450230584808605,-0.27544506079330794,-0.05030878286011703,0.17259083111727258,-0.12458762637488201,-0.0008317825672557825
5.21,316.8113196021253,172.639526164006,2.3513185030068335,3.2694141846391425,1.0,298.1765832451994,204.04889704028244,1.6248180602416917,2.044877308371055,0.5557494148256419,-1.2153619665116454e-05,0.3015855882039574,-2.161310380851581,-0.18356062311617877,-0.2740405487637821,-0.050010921791946814,0.1718342935275919,-0.12415051211625075,-0.0009567187703834729
5.27,316.8113196021253,172.639526164006,2.3513185030068335,3.2694141846391425,1.0,298.08148113701424,204.19072367915746,1.621110375712057,2.0393480047112105,0.5548798211989994,8.950951138874127e-06,0.3052627609366331,-2.1613037241967987,-0.18473104307647803,-0.27472048835827806,-0.05169399737803414,0.14848767544982297,-0.12752619843826343,-0.002256288209715948
5.34,316.8113196021253,172.639526164006,2.3513185030068335,3.2694141846391425,1.0,297.9863879987939,204.33111195777542,1.6174030408886504,2.0338747774746415,0.5528833873123198,0.002974016118247312,0.3096812232744429,-2.1598754953808244,-0.19437665218895683,-0.2651947550800257,-0.14939966476099564,0.11602079553018207,-0.3073172011801437,0.021070906091692765
5.41,316.8113196021253,172.639526164006,2.3513185030068335,3.2694141846391425,1.0,297.88663848859983,204.48109790629334,1.6135141710955097,2.028027372074334,0.5528188224530867,0.0013527744722783971,0.31268654373225324,-2.159099019346811,-0.1795066574462269,-0.27887988880055103,-0.0625550512840145,0.1482069574362825,-0.12984394219173415,0.03337806301197857
5.48,316.8113196021253,172.639526164006,2.3513185030068335,3.2694141846391425,1.0,297.7898205126718,204.62327897890142,1.609739591137302,2.0224842503352263,0.5518662400165649,0.002337184112799225,0.3158955885446487,-2.1587979570343263,-0.18698442181460334,-0.2702874781511526,-0.055597985477270725,0.12654081285971952,-0.12568909872507944,-0.01494845950188273
5.55,316.8113196021253,172.639526164006,2.3513185030068335,3.2694141846391425,1.0,297.6937836835054,204.7619057368874,1.605995465243874,2.0170796983669623,0.5510550579671417,0.003211119651970371,0.31856008268033437,-2.15881645753357,-0.18301731126999168,-0.264946667984297,-0.04847968899387202,0.10170882758366878,-0.1096429544616658,-0.013260511012943623
5.62,316.8113196021253,172.639526164006,2.3513185030068335,3.2694141846391425,1.0,297.59730911169225,204.8980668139273,1.6022342733603216,2.011771274310826,0.5502787961187323,0.004702640431358712,0.3204697374040496,-2.158787399164429,-0.19111429679954844,-0.2594742808923047,-0.05039746010245881,-0.008747676371886193,-0.13184732466981358,-0.03750133094977213
5.69,316.8113196021253,172.639526164006,2.3513185030068335,3.2694141846391425,1.0,297.50047277592336,205.03004124627608,1.5984589776188438,2.006626072269938,0.549539898886602,0.005718055462712422,0.32275752488571874,-2.1589984124153485,-0.1807562218943359,-0.25930765723478694,-0.04738159682250254,0.0706771180416779,-0.1138308825448279,-0.014390377592199459
5.76,316.8113196021253,172.639526164006,2.3513185030068335,3.2694141846391425,1.0,297.406553267575,205.16389616970693,1.5947973983460046,2.001407556736572,0.5486302819084644,0.007185735905650382,0.3252983200944271,-2.158710732946899,-0.1774715179323104,-0.26028013946691253,-0.06852651317858927,0.08700408624134356,-0.18970498730422838,-0.012445734846464614
5.83,316.8113196021253,172.639526164006,2.3513185030068335,3.2694141846391425,1.0,297.3134822324678,205.29990998802003,1.5911688979519603,1.9961048737614022,0.5467327886661152,0.008657062727334313,0.33021422906409714,-2.15710341237341,-0.18315295687749905,-0.2573481321086121,-0.12422914333456743,0.23963635660019766,-0.18799215581018813,0.05491649866681331
5.9,316.8113196021253,172.639526164006,2.3513185030068335,3.2694141846391425,1.0,297.2298792318688,205.4461107213769,1.587909521710283,1.9904050401022662,0.545074768021188,0.01151761875114438,0.3367144885023166,-2.1540340883132836,-0.15806512094994446,-0.26683468589213494,-0.16797133296792108,0.4494121890166145,-0.4232758276691868,0.08380834841456823
5.97,316.8113196021253,172.639526164006,2.3513185030068335,3.2694141846391425,1.0,297.13011908737946,205.6154845540651,1.5840202373247343,1.9838017717713416,0.5453801444691277,0.011387248442451722,0.33539931324926436,-2.1510790222236986,-0.1717116896784695,-0.2942210704053034,-0.0656355554809124,0.0378648285822049,-0.17467373871907876,0.0890738287213487
6.04,316.8113196021253,172.639526164006,2.3513185030068335,3.2694141846391425,1.0,297.03977040594225,205.76421872152588,1.5804978715766957,1.9780031687514281,0.5442131467470367,0.015546741159557013,0.3365805913792605,-2.1478497673016386,-0.17720397398965881,-0.28614196497821326,-0.06002719978623895,-0.14561891938658342,-0.19866893041979752,0.09287857888044124
6.11,316.8113196021253,172.639526164006,2.3513185030068335,3.2694141846391425,1.0,296.94904271916306,205.90654432739575,1.576960729791931,1.9724544121873004,0.543197149775535,0.019767833841068345,0.3370514309287424,-2.144845901318512,-0.174455838567887,-0.2701748060883074,-0.053441481329291676,0.011154127366887917,-0.14663456842254446,0.056394271423929436
6.18,316.8113196021253,172.639526164006,2.3513185030068335,3.2694141846391425,1.0,296.85955974095714,206.04477804920484,1.5734721146571955,1.9670651832668677,0.5422295410395653,0.02235965742636243,0.3387640957023472,-2.1433145898555406,-0.174926816830163,-0.26483543433657203,-0.05020414189130108,0.014826660976785463,-0.12018864800898368,0.027651085087442732
6.26,316.8113196021253,172.639526164006,2.3513185030068335,3.2694141846391425,1.0,296.76930340698294,206.17987578761276,1.5699533492001134,1.961798214907885,0.541644246560095,0.024730516902234687,0.3390331381514048,-2.142258156940893,-0.17368860723885826,-0.2558732624401038,-0.031132373650194875,-0.05013112918424294,-0.08196861122033024,0.006598612119180089
6.33,316.8113196021253,172.639526164006,2.3513185030068335,3.2694141846391425,1.0,296.6799052101839,206.30921512848124,1.5664680393833894,1.956755745478315,0.5411694446229239,0.026774733787140476,0.3391357102646558,-2.141812500443463,-0.17263510462382758,-0.2463020652053464,-0.031532891667531794,-0.04824490096681397,-0.08355061861477252,-0.015500284207753337
6.4,316.8113196021253,172.639526164006,2.3513185030068335,3.2694141846391425,1.0,296.5908364172672,206.4342509037687,1.562995571823283,1.9518810563832862,0.5405920674399103,0.0292236449163506,0.3394707590914448,-2.1415410122703786,-0.1682635494036603,-0.2405708617641692,-0.06120677622742901,-0.053887273191086243,-0.20490787627844054,-0.032499098708621756
6.46,316.8113196021253,172.639526164006,2.3513185030068335,3.2694141846391425,1.0,296.4942956943719,206.56016331155087,1.5592318009501718,1.946972190582812,0.5398778595735771,0.0329111209472292,0.3379487600579422,-2.1401433418622378,-0.18144041920199452,-0.2410823365905726,-0.03334962541859565,-0.24719153290933424,-0.1521923919645584,-0.0015088614253946642
6.52,316.8113196021253,172.639526164006,2.3513185030068335,3.2694141846391425,1.0,296.3951325816729,206.68307656192823,1.5553657926578117,1.9421802509969506,0.5395694602836314,0.0373147338111839,0.33491962271772374,-2.138576130761317,-0.19332327576661373,-0.23180945123627278,-0.06813990051008378,-0.24091613283591626,-0.022682744837033638,0.027477832267635983
6.58,316.8113196021253,172.639526164006,2.3513185030068335,3.2694141846391425,1.0,296.2898392563237,206.7991498752115,1.5512607897202253,1.9376549756252823,0.5363857400266542,0.035844709525633345,0.3304164086778553,-2.137591148888499,-0.2160067044033447,-0.2102258266017639,-0.2234510205457218,0.13562357141270928,0.33374808905887093,0.1406110702251183
6.65,316.8113196021253,172.639526164006,2.3513185030068335,3.2694141846391425,1.0,296.1656787585915,206.90919519696533,1.5464202245064922,1.9333647096699682,0.5358654300235258,0.035511837693906444,0.33436913171866034,-2.1338101739848963,-0.22905521405367174,-0.20001266186271938,-0.21071807000845583,0.1438000012037751,0.3428636412796756,0.2522851700478186
6.71,316.8113196021253,172.639526164006,2.3513185030068335,3.2694141846391425,1.0,296.04175684233905,207.01110922826655,1.5415889607149738,1.929391453089023,0.5296690774604659,0.02381551475616895,0.33087368933729955,-2.1318413638002567,-0.2528547400904915,-0.19779350699564202,-0.3987179997655849,0.1478230574317451,0.7567205788450652,0.32260574590342694
6.78,316.8113196021253,172.639526164006,2.3513185030068335,3.2694141846391425,1.0,295.9143412357484,207.1516781919959,1.5366214906724527,1.9239111815986023,0.523640816792226,0.015913306172477208,0.31984694889490894,-2.1324395837123404,-0.25476308435308215,-0.23965459931629357,-0.3120827162749824,-0.09923601838550711,0.6691691215339024,0.2811632774174032
6.85,316.8113196021253,172.639526164006,2.3513185030068335,3.2694141846391425,1.0,295.7597343707327,207.34841840516066,1.5305939325821702,1.916240997849487,0.5307961522011612,0.04119814945225883,0.33284339578295924,-2.1291147539446014,-0.26975576396940953,-0.23910607056501829,-0.04545385420480365,0.05765207500862608,0.09653385167530537,0.3983582875196217
6.93,316.8113196021253,172.639526164006,2.3513185030068335,3.2694141846391425,1.0,295.57713234112833,207.46486473363458,1.5234749450732288,1.9117011799752595,0.5322787737284703,0.04208751972585739,0.3385059070681184,-2.116992433194318,-0.3601974385295812,-0.20218045145018326,-0.19550106065063505,0.2982119384127101,-0.011382023888861115,0.6019651524462722
7.0,316.8113196021253,172.639526164006,2.3513185030068335,3.2694141846391425,1.0,295.39164241761193,207.58781606718557,1.5162433691076762,1.9069077556652796,0.5297030437858663,0.0382739377792093,0.3385324815389452,-2.1073099864398595,-0.36531616231025466,-0.24583837925531896,-0.22665093588689486,-0.08006632539708018,0.1965431514929285,0.5897069783177198
7.08,316.8113196021253,172.639526164006,2.3513185030068335,3.2694141846391425,1.0,295.2030049016802,207.70479372818897,1.5088890799875336,1.9023472230725549,0.5236320641462424,0.027279372151458748,0.33035191261763597,-2.09994235859248,-0.3623890258241774,-0.22084431542601363,-0.38884113374795143,-0.0885045652233454,0.7256067524738741,0.5133314735313227
7.16,316.8113196021253,172.639526164006,2.3513185030068335,3.2694141846391425,1.0,295.04606373110573,207.90324962179866,1.5027705158325846,1.894610151196932,0.5283784618616207,0.04951324982397762,0.33154751071220284,-2.0986647234765234,-0.2897327679838247,-0.2963328626504087,-0.056962133547859,-0.5351988372836601,-0.19858282520012438,0.09263017503745294
7.24,316.8113196021253,172.639526164006,2.3513185030068335,3.2694141846391425,1.0,294.89642224682905,208.04980166631512,1.4969365398373902,1.888896621196292,0.5262954527166831,0.04932791358214504,0.31735336933360897,-2.0950225227396446,-0.2924444639773245,-0.28131642392118245,-0.21105086890287197,-0.5637631996629913,0.18140367359276732,0.14314325608784828
7.32,316.8113196021253,172.639526164006,2.3513185030068335,3.2694141846391425,1.0,294.7539550330311,208.19467303418907,1.4913822624963393,1.883248614651497,0.5228231148937355,0.05256559896887735,0.30500068364805755,-2.0920660273651173,-0.21456985214256621,-0.2799939581670666,-0.23105976243875465,-0.7165772152959683,0.10043072839620582,-0.030898591171888423
7.39,316.8113196021253,172.639526164006,2.3513185030068335,3.2694141846391425,1.0,294.61940046941135,208.33599389191383,1.4861364705423528,1.877739029555016,0.5231667206930369,0.06179549228509498,0.29555440182378007,-2.090495537193678,-0.2088994297357461,-0.22542583292489246,-0.1648121154449868,-0.700830822369932,0.05911946121134467,0.07907618069740928
7.47,316.8113196021253,172.639526164006,2.3513185030068335,3.2694141846391425,1.0,294.4903297874989,208.47221238511037,1.481104475146158,1.8724283670522284,0.5249791615059398,0.07645682801720642,0.2869817178223704,-2.0847768884763695,-0.24153563685745222,-0.2630228395080921,-0.09378327048139146,-0.7651673484401859,-0.1644342344332455,0.1506978963822997
7.54,316.8113196021253,172.639526164006,2.3513185030068335,3.2694141846391425,1.0,294.3773931423423,208.6139837483664,1.4767014870308885,1.8669012183872742,0.5248409233352018,0.08534079383930293,0.27201813932210533,-2.083056199168803,-0.2185093374561718,-0.24081378663436107,-0.053619427552933994,-0.7694578346567703,-0.0747977056428419,-0.14213514047584214
7.61,316.8113196021253,172.639526164006,2.3513185030068335,3.2694141846391425,1.0,294.2719031380466,208.73083879399022,1.472588816298114,1.8623454661212384,0.5241454085280325,0.09463875597674269,0.25855893760343773,-2.0842208070992063,-0.19817353127422538,-0.21004373254129338,-0.03808644314052117,-0.8168403462084329,-0.07900579447623979,-0.1872921276324303
7.68,316.8113196021253,172.639526164006,2.3513185030068335,3.2694141846391425,1.0,294.1788462963187,208.83674406016527,1.468960869252189,1.8582166058415082,0.5218612206336243,0.10112469545417269,0.24164475061729454,-2.0861917795344804,-0.16337577416832852,-0.20159473677402862,-0.18671153336872598,-0.9423296084349428,0.25477173770374545,-0.19187754150400593
7.75,316.8113196021253,172.639526164006,2.3513185030068335,3.2694141846391425,1.0,294.07961507451137,208.91415307342243,1.4650922056339706,1.8551987105878187,0.5170106200575288,0.09380801389146079,0.22662207354408775,-2.0858335967743353,-0.18364481868565308,-0.1493253159801742,-0.2754473061255433,-0.028033662316317653,0.7108109450938233,0.09591427270884889
7.81,316.8113196021253,172.639526164006,2.3513185030068335,3.2694141846391425,1.0,293.9762998905629,209.02675303803812,1.4610643232188285,1.8508088484195662,0.5175830101317498,0.09852274839009383,0.22934820610961126,-2.0844362442063993,-0.1558227842378582,-0.18069308047767835,-0.1892578587593069,0.03278622125060722,0.426601274836863,0.19768397308202845
7.88,316.8113196021253,172.639526164006,2.3513185030068335,3.2694141846391425,1.0,293.8831100175403,209.1405857168241,1.457431189767654,1.8463709272193345,0.5163950549677648,0.10423351721001725,0.239023265821134,-2.0811640361537087,-0.18638724350322122,-0.19144685418141227,-0.19059262559937265,0.38595214946823536,-0.08493548118721739,0.293006401334224
7.95,316.8113196021253,172.639526164006,2.3513185030068335,3.2694141846391425,1.0,293.7981980233265,209.30182680839974,1.454120780636512,1.8400847248187233,0.5173253230610337,0.09868229865518155,0.2321839919994304,-2.0727083767739196,-0.13775743658050912,-0.2842357255290667,-0.16184965502337778,-0.07955484129820262,0.2188759086774819,0.4115194068861395
8.01,316.8113196021253,172.639526164006,2.3513185030068335,3.2694141846391425,1.0,293.7350324333916,209.43725074017618,1.4516581845376852,1.8348050393693496,0.5125142797617493,0.09046574002242021,0.22548333740512796,-2.068215770194496,-0.09458501097654232,-0.2528972691389348,-0.30574929715097987,-0.16841822526071337,0.6492624060706539,0.2695872310485865
8.08,316.8113196021253,172.639526164006,2.3513185030068335,3.2694141846391425,1.0,293.70496006935093,209.5606594160755,1.4504857726842464,1.8299937849483234,0.50514220045286,0.07759120824576222,0.2131960805182136,-2.0661892719639186,-0.04904809721445303,-0.20968379635905549,-0.4069244662788407,0.10363481829059934,1.0499958217457523,0.31741950509301237
8.14,316.8113196021253,172.639526164006,2.3513185030068335,3.2694141846391425,1.0,293.667395037219,209.65414499048435,1.4490212490143863,1.8263491231779987,0.49578705919407073,0.04939606879343606,0.21226605188757625,-2.0627181327323076,-0.0710798111016977,-0.17765444600707306,-0.535601421253691,0.6801661681552846,1.3903830347626123,0.5396936563969063
8.21,316.8113196021253,172.639526164006,2.3513185030068335,3.2694141846391425,1.0,293.6269182269898,209.8178588003572,1.4474432057305973,1.8199665185045926,0.4929970845722312,0.06275825555311637,0.22328218926286036,-2.0662255381591237,-0.017042248547635745,-0.19149658824893007,-0.23296008970666204,-0.4554006231279386,0.2750603058042016,0.5399997653315984
8.28,316.8113196021253,172.639526164006,2.3513185030068335,3.2694141846391425,1.0,293.57433260086685,209.93843744265774,1.4453930838544577,1.8152655967774753,0.49168063945823304,0.06264921512400377,0.18105205440533123,-2.0628000491703746,-0.06354689672236352,-0.18198756030177632,-0.29202404772888335,-1.1170501562270019,0.4667017983100422,0.09424335014279357
8.34,316.8113196021253,172.639526164006,2.3513185030068335,3.2694141846391425,1.0,293.4701926969066,209.96018577425488,1.441333048612342,1.814417708606047,0.48780754922004754,0.05612046960252083,0.16205726623938377,-2.0496477978327805,-0.13075809326986682,-0.12799672615178823,-0.25857144105870916,-0.8152465190801721,0.3604792488652475,0.2265555428133867
8.4,316.8113196021253,172.639526164006,2.3513185030068335,3.2694141846391425,1.0,293.1807521883386,210.06652148870805,1.4300488182588142,1.8102720667170344,0.5038960688464519,0.10203958381459463,0.18139656125568487,-2.040669545502714,-0.35746725670625645,-0.02725934289274098,-0.10893984565579885,-0.575527068015841,0.10864965197080484,0.5090434683937829
8.46,316.8113196021253,172.639526164006,2.3513185030068335,3.2694141846391425,1.0,293.00585161008536,210.12443863568478,1.4232300822645372,1.8080140882773952,0.5062209588809481,0.11961580839943314,0.17493829926592822,-2.0336104540547066,-0.2764275126028765,-0.047318947769614095,-0.07622734761050996,-0.5242130275545545,0.068180989303813,0.35704969913109985
8.52,316.8113196021253,172.639526164006,2.3513185030068335,3.2694141846391425,1.0,292.87828902379965,210.2015877688494,1.4182568820194785,1.8050063248011927,0.508066176459988,0.12982131104508043,0.1654100664910581,-2.0297197055494416,-0.21429475779157114,-0.11822733363150333,-0.05331978251197834,-0.35612523449997974,0.013990392748404634,0.18912080374097162
8.57,316.8113196021253,172.639526164006,2.3513185030068335,3.2694141846391425,1.0,292.7848675809775,210.29636082779507,1.4146147205059456,1.8013114687019465,0.5078382327245867,0.13121335408101412,0.15986466754116058,-2.0287384196637803,-0.17324522928289085,-0.2016459915786677,-0.06882986200519786,-0.13086261431318638,0.18088833933335488,0.03382628377235394
8.62,316.8113196021253,172.639526164006,2.3513185030068335,3.2694141846391425,1.0,292.70579146625494,210.4098199875394,1.4115318310430778,1.7968881096475866,0.5059039806499427,0.12659005020315447,0.1560395977802066,-2.028659862156146,-0.1548140617787622,-0.21967737057326622,-0.1624826115453511,0.08193741443661318,0.3737314229542836,0.07880106532526127
8.68,316.8113196021253,172.639526164006,2.3513185030068335,3.2694141846391425,1.0,292.62904007571024,210.53316070576656,1.4085395741017637,1.7920795046484779,0.5020292949525471,0.12310138975247037,0.16092851390804885,-2.0289127413113146,-0.15443956581761137,-0.2333186439030533,-0.2756730930436738,0.47727624242938843,0.13005385324304067,0.08034998118219956
8.73,316.8113196021253,172.639526164006,2.3513185030068335,3.2694141846391425,1.0,292.5762233184853,210.6651083028819,1.4064804412664829,1.78693534881552,0.49693298309331524,0.10007778079486912,0.14920779592867467,-2.024960925867589,-0.0857539992353232,-0.23744520355897786,-0.3436572792773449,0.22937332190506735,0.9471175370900723,0.3124204317711656
8.78,316.8113196021253,172.639526164006,2.3513185030068335,3.2694141846391425,1.0,292.4808683563467,210.8662737753313,1.402762898882913,1.7790926403379608,0.49847027111548564,0.0964378295855739,0.1597445175477801,-2.0281441883866855,-0.15731701628779754,-0.2941872778696111,-0.11922684428345955,0.5017150505583216,0.3500194687288413,0.3420742831410002
8.83,316.8113196021253,172.639526164006,2.3513185030068335,3.2694141846391425,1.0,292.41674790004294,211.03194706792786,1.400263076025067,1.7726336425759117,0.4963621399223842,0.08612560748759966,0.16219444402201658,-2.0248109202236937,-0.09486454391732714,-0.32222452707722193,-0.13912931735968154,0.2631264977159074,0.377196253687537,0.17156553421079898
8.88,316.8113196021253,172.639526164006,2.3513185030068335,3.2694141846391425,1.0,292.3693427401654,211.18788574436905,1.3984149216438762,1.7665541620129015,0.4946899470745146,0.08738421005771584,0.153964454616409,-2.023566552194893,-0.08452983826406188,-0.29592764819839074,-0.13271576886714975,-0.6184982155834157,-0.0037165860722148864,0.05388462055920536
8.93,316.8113196021253,172.639526164006,2.3513185030068335,3.2694141846391425,1.0,292.30318431507834,211.33817950943472,1.3958356458120205,1.7606947559674573,0.49249751928516095,0.09182340640488344,0.13861300435741367,-2.024379077528229,-0.13087178737086264,-0.26350593429066566,-0.10470369240680515,-0.735660614905281,0.025736499155121315,-0.0905424060980795
8.98,316.8113196021253,172.639526164006,2.3513185030068335,3.2694141846391425,1.0,292.22960523545623,211.46181587457014,1.392967065709793,1.7558746247730939,0.4917015009821927,0.09457429074701444,0.1314024795509195,-2.0252930122314026,-0.14573918803907743,-0.22521787167363408,-0.0030309362358794008,-0.2514584156924221,-0.04736362026006714,0.002978806627336685
9.02,316.8113196021253,172.639526164006,2.3513185030068335,3.2694141846391425,1.0,292.15637845467745,211.57612935132278,1.3901122204552618,1.7514179590127568,0.49004864776791873,0.09539182965735173,0.12388492612136992,-2.0250092766057075,-0.13570496502410115,-0.2201610007057183,-0.16069503123146034,-0.41050107264973457,0.3004599314273544,0.004090605984406708
9.07,316.8113196021253,172.639526164006,2.3513185030068335,3.2694141846391425,1.0,292.0736902738326,211.68610527170804,1.386888509701077,1.7471303987638196,0.48734283773598136,0.09741402676005362,0.1109589561816973,-2.0278206477129896,-0.13049020994623647,-0.2328146477594304,-0.09764535438135136,-0.5594186829606227,0.04483364653588886,-0.0731376203528808
9.11,316.8113196021253,172.639526164006,2.3513185030068335,3.2694141846391425,1.0,291.9837959957688,211.78658685862607,1.3833838594841645,1.7432129879677936,0.4882262916779913,0.09757792191990089,0.10818097944943866,-2.027515862832732,-0.13051681246176283,-0.23309427490881698,-0.06633721328649386,-0.3179732879033783,0.06278845203828676,-0.05269941589289173
9.16,316.8113196021253,172.639526164006,2.3513185030068335,3.2694141846391425,1.0,291.8949826842286,211.89290059408413,1.379921352211642,1.7390682029596842,0.49101894137927155,0.10108222404273713,0.11579125992200481,-2.0277458069767182,-0.12702562421279884,-0.25283819034459487,-0.03682930009981857,-0.05211112170177309,-0.41849779264488585,-0.0392958188893697
9.2,316.8113196021253,172.639526164006,2.3513185030068335,3.2694141846391425,1.0,291.804935756823,212.01420000652718,1.3764107507533356,1.7343391810320792,0.4909810381201695,0.1042363986874083,0.11199668029510469,-2.0294289928837386,-0.1328214701975979,-0.24386221327761914,-0.023755488321127075,-0.24926817881256966,0.06959874101952061,-0.009701994966237679
9.24,316.8113196021253,172.639526164006,2.3513185030068335,3.2694141846391425,1.0,291.7287106053399,212.13382654846575,1.3734390099547729,1.7296753782274572,0.4910597677463674,0.10600388451362795,0.10726246970787107,-2.0310576222329075,-0.12189994435960289,-0.24190872147962783,-0.015065582430015623,-0.2451901655613968,0.04975633592182725,-0.036722251121732954
9.27,316.8113196021253,172.639526164006,2.3513185030068335,3.2694141846391425,1.0,291.65641753429543,212.2517975146246,1.3706205666391977,1.72507612028754,0.49110765319422617,0.10767470322301013,0.10251370042717829,-2.0322639879604227,-0.12254446236266696,-0.2369403659913731,-0.014075671507232908,-0.2534578603542027,0.05225976645650945,-0.03330681636090512
9.31,316.8113196021253,172.639526164006,2.3513185030068335,3.2694141846391425,1.0,291.58621838601977,212.3687840300097,1.3678837577395622,1.7205152424947487,0.49113942418872153,0.10932805944088839,0.09780421710740812,-2.0332368337244255,-0.12442447738241899,-0.23314040858536705,-0.012322917067274166,-0.2548833920717867,0.04549514979064694,-0.03821127469302893
9.35,316.8113196021253,172.639526164006,2.3513185030068335,3.2694141846391425,1.0,291.51805995966424,212.48549409619216,1.3652265091487037,1.71596514244865,0.49115845590881513,0.11093292918244496,0.09309653980965521,-2.0340082207087224,-0.12259235703690598,-0.23260979733300138,-0.011550976833183369,-0.25822235411671746,0.0478238443874394,-0.031887580238706525
9.38,316.8113196021253,172.639526164006,2.3513185030068335,3.2694141846391425,1.0,291.45143764421664,212.60251202915094,1.3626291479226742,1.7114030397991828,0.4911620870288309,0.11249861376797061,0.08837216528674266,-2.0346074163292767,-0.12226524060466618,-0.2326264186774978,-0.011582350537434338,-0.2597868159827206,0.049153831520505516,-0.03020475146347272
9.41,316.8113196021253,172.639526164006,2.3513185030068335,3.2694141846391425,1.0,291.384910605862,212.71952755405192,1.3600355012031955,1.7068410310311142,0.4911619822636876,0.11406294244924903,0.08363692524523975,-2.035167001517698,-0.12282112957165583,-0.23183234906738914,-0.012934715857615794,-0.2651755159616739,0.05566895903763228,-0.02706423502294756
9.44,316.8113196021253,172.639526164006,2.3513185030068335,3.2694141846391425,1.0,291.3177824252901,212.83563805606647,1.3574184181399653,1.702314305806376,0.4914387332170647,0.11577854145956418,0.08026482929819954,-2.0354920144339443,-0.12762455043652415,-0.23159434252953645,-0.007466077079286424,-0.20158758573466903,-0.052680336989648247,-0.025085766549733927
9.47,316.8113196021253,172.639526164006,2.3513185030068335,3.2694141846391425,1.0,291.2412725788928,212.95128358259265,1.3544355781244746,1.6978057082809888,0.4913655600424865,0.12098487055991765,0.07978199659701325,-2.03531495788536,-0.15666080693529377,-0.23017842342260042,-0.022606077676002014,-0.10766117789342222,-0.3691596067261657,0.006449325159013523
9.5,316.8113196021253,172.639526164006,2.3513185030068335,3.2694141846391425,1.0,291.1511995564915,213.06862131980483,1.3509239593174083,1.6932311376294409,0.4910951521246066,0.13112697413970797,0.08433784756730203,-2.033831484065868,-0.18501092055418814,-0.23465461236341412,-0.029344757191553515,0.008067303941876127,-0.707066292222351,0.054524923956959195
9.53,316.8113196021253,172.639526164006,2.3513185030068335,3.2694141846391425,1.0,291.0699444974645,213.2101618726708,1.347756120758849,1.687712987420243,0.4922040541846228,0.12455312413286423,0.0666546805405828,-2.0274173419307386,-0.1641919834631533,-0.24281324584834899,-0.08005501439168801,-0.4006273227283223,0.14257712299326764,0.11239940916307886
9.56,316.8113196021253,172.639526164006,2.3513185030068335,3.2694141846391425,1.0,290.9939218719994,213.3302365043577,1.3447922757114796,1.683031715229719,0.4916707099168807,0.12502203933115438,0.06278960973801256,-2.026830513582309,-0.13578371093393818,-0.23715011661779667,0.0034753039589952572,-0.22280103590675684,-0.03548880461861356,-0.03156874877121077
9.59,316.8113196021253,172.639526164006,2.3513185030068335,3.2694141846391425,1.0,290.92215167804414,213.44838575188604,1.3419942174676074,1.678425506749082,0.4919707969137133,0.12836418771582356,0.06008253944543412,-2.027262588900541,-0.14138126803043213,-0.2290165703499725,-0.004494337776033704,-0.16978174717245262,-0.18018857307023503,-0.021253650074795436
9.62,316.8113196021253,172.639526164006,2.3513185030068335,3.2694141846391425,1.0,290.84874470206285,213.56509720983996,1.3391323470589804,1.6738753524428862,0.49114394308991427,0.129873889599313,0.05287642977257405,-2.0274603371911497,-0.14259982357932277,-0.2224488045910817,-0.11772681310871626,-0.43067631857399535,0.24845981933723632,-0.03405278910999546
9.65,316.8113196021253,172.639526164006,2.3513185030068335,3.2694141846391425,1.0,290.7477390893514,213.65877580258794,1.3351945064074608,1.6702231655911135,0.49045773078006927,0.12484893112276144,0.049040287723512065,-2.031135512343581,-0.11747319690496233,-0.25333150149382244,-0.03767635775470518,-0.11438000497003775,-0.11766066269890518,-0.2359802711355341
9.68,316.8113196021253,172.639526164006,2.3513185030068335,3.2694141846391425,1.0,290.638952245181,213.76118255280343,1.3309533039056904,1.6662306996957723,0.49174679030425783,0.13274774919441956,0.049423241545354185,-2.0353079716938263,-0.18323605009632454,-0.22214015509424231,-0.02892186162706753,-0.08576950409142398,-0.423681703206747,-0.07033073920388125
9.71,316.8113196021253,172.639526164006,2.3513185030068335,3.2694141846391425,1.0,290.5533376151921,213.87930151989238,1.3276155015669435,1.6616256717390874,0.491687775333575,0.13452915927727027,0.04508250300408789,-2.0357768356241843,-0.14776933818340704,-0.229279372050847,-0.011004764049443701,-0.2495352348381234,0.01006978142894037,-0.016842900602583977
9.74,316.8113196021253,172.639526164006,2.3513185030068335,3.2694141846391425,1.0,290.4766146936456,213.99497421522034,1.3246243545280942,1.657116015001156,0.4915250113928431,0.13525656908366177,0.04037390799206079,-2.0367615175688445,-0.1411803799296685,-0.23357692775821315,-0.021255688350973655,-0.20993075534883932,-0.0009228914534000071,-0.08009932804579843
9.78,316.8113196021253,172.639526164006,2.3513185030068335,3.2694141846391425,1.0,290.4051093639355,214.1131868790439,1.3218366223756524,1.6525073341503365,0.49175370273303964,0.13707021481918383,0.03653403991276608,-2.037753662595507,-0.12814477019050538,-0.23285098977959062,0.0016854550749680472,-0.20689006325054185,0.03203941250288424,-0.03436873467775474
9.81,316.8113196021253,172.639526164006,2.3513185030068335,3.2694141846391425,1.0,290.3387669947224,214.2311498209288,1.3192501752328427,1.6479083890476087,0.4919754734921028,0.13809515506622133,0.033340752949043026,-2.0382357453254403,-0.12624674108592865,-0.23348755800256815,-0.022820120986712655,-0.12594409319444813,0.10494569400045126,-0.02629399806411297
9.85,316.8113196021253,172.639526164006,2.3513185030068335,3.2694141846391425,1.0,290.2699343148921,214.35021360703175,1.3165666399568055,1.643266526041646,0.49049063497714585,0.13431756938746653,0.028639487505370754,-2.0390558646028594,-0.10518013265345652,-0.2530490186790212,-0.08509525678596634,-0.1927174563670666,0.2273941796150727,-0.004862325130087886
9.88,316.8113196021253,172.639526164006,2.3513185030068335,3.2694141846391425,1.0,290.16899432705554,214.4554060474357,1.3126313577799444,1.6391654562403246,0.4922130947742407,0.1373959524304642,0.024197816255010773,-2.0428553235807265,-0.15397410370719575,-0.2285616630764616,-0.008613731074635624,-0.1252071711772672,-0.08483071037719427,-0.08808039856563513
9.92,316.8113196021253,172.639526164006,2.3513185030068335,3.2694141846391425,1.0,290.09060905698266,214.5729021188307,1.309575401831682,1.6345847127161521,0.4924849791933192,0.14073937655631083,0.02383566465807904,-2.0430047742469863,-0.15948689998716392,-0.23339720255921959,-2.3140817026305605e-06,-0.18003097381551733,0.0385683514551973,-0.03480266314782171
9.95,316.8113196021253,172.639526164006,2.3513185030068335,3.2694141846391425,1.0,290.01977981681074,214.6935295531853,1.306814027945836,1.6298818887647053,0.49267508278168953,0.1416317006741587,0.020272491184394288,-2.043441530660687,-0.12556299724503742,-0.23547241607393835,-0.0013927275326010968,-0.17901963361143466,0.008749720388155061,-0.025232320470850614
9.99,316.8113196021253,172.639526164006,2.3513185030068335,3.2694141846391425,1.0,289.9539789591322,214.81183468520467,1.3042486923638281,1.6252696029159974,0.4927597066981454,0.1421754329784932,0.01723438414201507,-2.043930606714729,-0.12436738832624457,-0.2347697492667602,-0.04077343013957971,-0.09813460722699371,0.15388630772230472,-0.028113660740952166
10.02,316.8113196021253,172.639526164006,2.3513185030068335,3.2694141846391425,1.0,289.8779719638144,214.92602312667452,1.3012854566789238,1.620817811825555,0.4922364817212975,0.14067494658320434,0.011007829985407476,-2.045045241640634,-0.14181216578598285,-0.2384184941594812,-0.05251869181547422,-0.21403777208851782,0.2403721215049724,-0.1092485799822576
10.06,316.8113196021253,172.639526164006,2.3513185030068335,3.2694141846391425,1.0,289.79563708888793,215.0365324852194,1.2980755200346148,1.6165094547672758,0.4931363582192806,0.14174201115128465,0.007779608690675798,-2.0473510035743447,-0.13542363646902808,-0.22503890128096113,-0.006529147753907529,-0.13232407118096132,-0.08068295588817073,-0.031672536334578075
10.09,316.8113196021253,172.639526164006,2.3513185030068335,3.2694141846391425,1.0,289.72042113948044,215.15165516593,1.2951431243462161,1.6120212410943469,0.49336464596577595,0.14519108717385837,0.007691210853363515,-2.047348407355229,-0.16281051739948468,-0.22867328940418047,0.0005848907346459615,-0.16461136099423893,0.027451016128377973,-0.04001713424779978
10.13,316.8113196021253,172.639526164006,2.3513185030068335,3.2694141846391425,1.0,289.64864038117804,215.27097909766263,1.292344654236961,1.6073692359585712,0.4935462410204623,0.14608487480523707,0.004175658223416961,-2.0477501730006846,-0.12571031461319088,-0.23568393850398706,9.735014727138905e-05,-0.19426483320747925,0.04508313798209533,-0.03365112495111757
10.16,316.8113196021253,172.639526164006,2.3513185030068335,3.2694141846391425,1.0,289.5826329605052,215.38900266630617,1.2897712655167715,1.6027679272395252,0.4938007764176877,0.14720603419397066,0.0009782331505390834,-2.048240562753055,-0.12696377359698022,-0.23116217200447736,-0.0004638507260245287,-0.18819923890996135,0.042427810524249335,-0.030440954691205675
10.19,316.8113196021253,172.639526164006,2.3513185030068335,3.2694141846391425,1.0,289.51691444736224,215.50587125344538,1.287209140248039,1.5982116470391659,0.49407778710488454,0.1483402153730455,-0.0021030942890734837,-2.048709626064844,-0.12533876001128827,-0.23005446986517264,0.007509648151119748,-0.15682913394190032,0.029879603585679784,-0.024513885099005723
10.23,316.8113196021253,172.639526164006,2.3513185030068335,3.2694141846391425,1.0,289.450431198893,215.6227924723285,1.2846172007365704,1.593653314918968,0.49441285508392485,0.1494803346503946,-0.004935092147124264,-2.049119721034206,-0.12822972121618878,-0.2294013873568128,0.004887061724412065,-0.17003980242145514,0.0336761672817569,-0.022950192571245257
10.26,316.8113196021253,172.639526164006,2.3513185030068335,3.2694141846391425,1.0,289.38444613934456,215.73899827544918,1.2820446837951098,1.589122874251495,0.49477621948016254,0.15060056814346356,-0.007655464796684685,-2.0495165034104095,-0.12664651013611325,-0.22897718875896417,0.004814433995724454,-0.17180684053044118,0.03631258814667107,-0.023239385451328202
10.29,316.8113196021253,172.639526164006,2.3513185030068335,3.2694141846391425,1.0,289.3186677907586,215.85482383596334,1.2794802257605673,1.584607257857179,0.4951364758604237,0.15173421853583188,-0.010340297689260881,-2.0499178790983277,-0.12730950479663053,-0.22758227577245893,0.004235249351316946,-0.16519597527075153,0.027505882819184365,-0.021888093421064174
10.32,316.8113196021253,172.639526164006,2.3513185030068335,3.2694141846391425,1.0,289.24928914981086,215.96878414967264,1.2767754054507148,1.5801643606365448,0.49546718284626734,0.15416053615305433,-0.011375746432868027,-2.050057631451774,-0.14211730106935347,-0.22336388124075934,-0.0005469069862385663,-0.08162229099671352,-0.16732939864083593,0.006352067501103841
10.35,316.8113196021253,172.639526164006,2.3513185030068335,3.2694141846391425,1.0,289.1695883432044,216.08328372148569,1.273668161528436,1.5757004397081615,0.4957699420418208,0.1592227761069044,-0.009161914340989195,-2.0496717329509027,-0.16418072503687525,-0.22836053976270915,-0.0021828266930359955,-0.0021430474057028102,-0.35985274165343606,0.0339603984524268
10.38,316.8113196021253,172.639526164006,2.3513185030068335,3.2694141846391425,1.0,289.1138505358031,216.2149218880703,1.271495147594664,1.5705683474436527,0.49715968369725794,0.16553172752351275,-0.010962842199115861,-2.044146270793152,-0.1632085903444451,-0.2448562475719031,-0.043975531659150316,0.14556054380014727,-0.3440968969482112,0.07679284936690123
10.41,316.8113196021253,172.639526164006,2.3513185030068335,3.2694141846391425,1.0,289.0938160311956,216.36696957312284,1.2707140752902797,1.564640562451352,0.49711093068893875,0.16503298768413854,-0.015894577000809783,-2.0338034092580974,-0.13687625479816848,-0.2708737150658789,-0.18769434175825228,0.34648892224875305,0.10539461690571478,0.1902718127899921
10.44,316.8113196021253,172.639526164006,2.3513185030068335,3.2694141846391425,1.0,289.0108068154589,216.49657657517525,1.2674778485559028,1.559587657887904,0.4966050520801687,0.17110161944224808,-0.009780682552881073,-2.032007037233987,-0.17262750436718555,-0.2550966321285553,-0.10124296881765829,0.35232798659744435,-0.5300218929418774,0.05457636638734781
10.46,316.8113196021253,172.639526164006,2.3513185030068335,3.2694141846391425,1.0,289.02054533382545,216.6633980393923,1.2678575178879317,1.5530838970997158,0.4972076394134617,0.16984921353812876,-0.018312409743617978,-2.0195720913253066,-0.1339880342314813,-0.292738921929354,-0.22238980782364548,0.5546617843980641,-0.0613214434733238,0.16134058027827053
10.49,316.8113196021253,172.639526164006,2.3513185030068335,3.2694141846391425,1.0,288.93775109238135,216.80258513339678,1.2646296722175967,1.5476574996726407,0.4982284741411015,0.1680767664725541,-0.030157794244426887,-2.0202851593621856,-0.18338927557400556,-0.2574669028728175,-0.04300144478807436,-0.089953196401549,0.04370970240714234,-0.15724811008710587
10.52,316.8113196021253,172.639526164006,2.3513185030068335,3.2694141846391425,1.0,288.85099065020654,216.9253046693885,1.2612471988384608,1.5428731123045416,0.49876105949151106,0.17058718843980344,-0.030401382065596425,-2.021634182956948,-0.15606505816227295,-0.24291983232185776,-0.002552810170556725,-0.15446869731692994,0.044607833721889936,-0.015591952200914293
10.55,316.8113196021253,172.639526164006,2.3513185030068335,3.2694141846391425,1.0,288.78346110031606,217.0495299020749,1.2586144678485793,1.538030023310921,0.4989593736582647,0.17113657022889345,-0.03345176642492348,-2.021866257636457,-0.11907373544638646,-0.24146844081682284,0.005343857039511548,-0.14023844991738565,0.03946691491077798,-0.023758621152859805
10.58,316.8113196021253,172.639526164006,2.3513185030068335,3.2694141846391425,1.0,288.72053204123256,217.17179865811963,1.2561610932254412,1.5332632102097603,0.49928991864005257,0.17193302550009942,-0.03590779145269166,-2.0222876707923225,-0.12270684984165176,-0.23768010341751308,0.005535526519537642,-0.14112172117251737,0.03477240770101345,-0.01230252334328995
10.61,316.8113196021253,172.639526164006,2.3513185030068335,3.2694141846391425,1.0,288.65940087769974,217.29550938360808,1.2537778119960905,1.5284401799762923,0.49888540377820806,0.17021052793274066,-0.038131372777861494,-2.0227646667165367,-0.11423144165004023,-0.24818436848758257,-0.08427367755277457,0.002630901173541079,0.29934279712106243,-0.03632391588312442
10.64,316.8113196021253,172.639526164006,2.3513185030068335,3.2694141846391425,1.0,288.5805459768221,217.41424892886596,1.2507035468546617,1.5238109579389483,0.49952115385984996,0.17010655713920197,-0.04345795416423056,-2.0262635694126936,-0.14672126974384123,-0.22086859861481706,-0.022348707795843758,-0.15811486195520774,0.1491867165467749,-0.1577796488324257
10.67,316.8113196021253,172.639526164006,2.3513185030068335,3.2694141846391425,1.0,288.51422861507046,217.52502956085937,1.2481180746616172,1.5194920249177641,0.4998486176590712,0.17137951232129767,-0.04406621217132119,-2.0277836132174443,-0.13305161616723418,-0.2135841188638497,-0.002670331891823304,-0.055400422451561016,-0.13255691854291518,-0.0009647045703652582
10.7,316.8113196021253,172.639526164006,2.3513185030068335,3.2694141846391425,1.0,288.44603716376844,217.64254494940317,1.2454595385484777,1.5149105282883757,0.500121856563106,0.17308022763553474,-0.04476982635450008,-2.0277287503689,-0.1259560944175719,-0.23956662970587003,0.004478705475914815,-0.14235583929810344,0.04320273864202505,-0.005365282670061435
10.73,316.8113196021253,172.639526164006,2.3513185030068335,3.2694141846391425,1.0,288.3836055361917,217.76482062565537,1.2430255569665367,1.5101434453935532,0.5004232713155078,0.17366997737519999,-0.047141371293739194,-2.0281300193226506,-0.12199846266509415,-0.23687568169563517,0.003205069841108119,-0.13418517029372226,0.042360047804751055,-0.012046894898926354
10.75,316.8113196021253,172.639526164006,2.3513185030068335,3.2694141846391425,1.0,288.32408249994904,217.88960455963155,1.240704970758247,1.5052785746732344,0.4995163442702889,0.17033468747939204,-0.04939028241853457,-2.0284769767623407,-0.10933818960691659,-0.25005423496800905,-0.11309231991203057,0.03895069747965371,0.38088025209800236,-0.0292805972990039
10.78,316.8113196021253,172.639526164006,2.3513185030068335,3.2694141846391425,1.0,288.24353291527285,218.00690319158718,1.2375646360730168,1.5007055285930933,0.5006120677501282,0.17138264760271552,-0.05504412496472684,-2.032597596177726,-0.1470260545637373,-0.21253718458887103,-0.023648498183644832,-0.15014531709021053,0.14120136751110718,-0.16621291074399488
10.81,316.8113196021253,172.639526164006,2.3513185030068335,3.2694141846391425,1.0,288.1782851573949,218.11539346290954,1.23502086383606,1.496475888385592,0.5008173313856592,0.17262173311978418,-0.05526784789629602,-2.0344173189662635,-0.13490406230663093,-0.20885218956999665,-0.013191542408553547,-0.03140607579854796,-0.11907138233699929,-0.013824532496398461
10.84,316.8113196021253,172.639526164006,2.3513185030068335,3.2694141846391425,1.0,288.110851962727,218.23217454162946,1.2323918893850663,1.4919230198195148,0.5010100872297194,0.17404326838766687,-0.055842769849480244,-2.0344106766928065,-0.12499292453286008,-0.23836425757414711,0.003128652343344516,-0.11496719713771311,0.05567057537146165,0.004388954365199026
10.86,316.8113196021253,172.639526164006,2.3513185030068335,3.2694141846391425,1.0,288.0479021437148,218.35604955714967,1.2299377054079836,1.4870935845165822,0.5012624978782194,0.17431581849574523,-0.05804627337753274,-2.0347278701923175,-0.12377690567147022,-0.2398468903900204,0.0033566134007652166,-0.11091221963098273,0.05230367148980197,-0.005589678263870504
10.89,316.8113196021253,172.639526164006,2.3513185030068335,3.2694141846391425,1.0,287.98546715019745,218.47909096551672,1.227503592600289,1.482296648517867,0.5011181176763512,0.1732848142058361,-0.06015214256462559,-2.034862374531462,-0.11936211242479768,-0.2406038979800081,-0.06302611681005132,-0.017505664810412123,0.24399727100314436,0.00047688254411957154
10.92,316.8113196021253,172.639526164006,2.3513185030068335,3.2694141846391425,1.0,287.92713366540164,218.6043112334837,1.2252293826667309,1.477414766725781,0.49826601064681064,0.165231238350079,-0.06073244375358223,-2.0346173422000042,-0.11186684031689834,-0.24453363830408154,-0.2241146389192795,0.29220768459362295,0.426510470693061,-0.026721463142346136
10.95,316.8113196021253,172.639526164006,2.3513185030068335,3.2694141846391425,1.0,287.8350180455514,218.73345605881426,1.221638130430853,1.4723798807479822,0.49833407858798784,0.17395131640498346,-0.07563060809952926,-2.0411066428891833,-0.13329951766118595,-0.24480371703587933,-0.16286727948917898,-0.5979237708290926,0.27908355441597055,-0.08862293077991724
10.98,316.8113196021253,172.639526164006,2.3513185030068335,3.2694141846391425,1.0,287.80564873164195,218.87650494634448,1.2204931279392577,1.4668029260684405,0.5005762615223462,0.170595346372423,-0.07336730265834741,-2.0459600351898493,-0.11522567595919109,-0.20353753713134753,-0.07758901754529805,-0.3101629829227795,0.25256577997234875,-0.10371831193243142
11.01,316.8113196021253,172.639526164006,2.3513185030068335,3.2694141846391425,1.0,287.76045708146324,218.98919480753673,1.2187312702324848,1.4624095591603614,0.5017711644508136,0.17106953291125213,-0.07204643172372782,-2.0495260663830766,-0.10072637565463781,-0.2055035327852623,-0.01463671547208304,-0.07263510060513212,-0.0870927167867811,-0.06795759638102186
11.04,316.8113196021253,172.639526164006,2.3513185030068335,3.2694141846391425,1.0,287.6995628046278,219.09657661642106,1.2163572243519631,1.4582231338627278,0.5018768381106725,0.17414154966141712,-0.07026858738200258,-2.050060796372752,-0.12905085005619338,-0.215130333711582,-0.009203616069337717,0.039556145902705786,-0.24836754268205946,0.017690206792624546
11.08,316.8113196021253,172.639526164006,2.3513185030068335,3.2694141846391425,1.0,287.62322609164016,219.21429285248433,1.2133811341770058,1.453633806920689,0.502127146915593,0.17675042926649628,-0.06912060664618268,-2.0494113326448717,-0.14986970082867154,-0.23832146569358337,0.013177644338790664,-0.05612659231368607,-0.015980538894292007,0.03822487799514701
11.11,316.8113196021253,172.639526164006,2.3513185030068335,3.2694141846391425,1.0,287.55144838600063,219.33711626674122,1.210582783079948,1.448845369717692,0.5025647443491309,0.1778022179137837,-0.069725543053614,-2.049053560576452,-0.13806909555939237,-0.23801756478843777,0.012302595915207406,-0.061395846241722896,-0.01603378676550496,0.023939353625552613
11.14,316.8113196021253,172.639526164006,2.3513185030068335,3.2694141846391425,1.0,287.48436485539725,219.4619542093618,1.207967440756227,1.4439783933972001,0.501511560809603,0.1744166161002405,-0.07004303187545599,-2.0486859380110327,-0.13039583849610523,-0.24160095060127829,-0.13209958140388886,0.16042285747017168,0.2901538884406941,0.004642994427299818
11.17,316.8113196021253,172.639526164006,2.3513185030068335,3.2694141846391425,1.0,287.38535882332025,219.5693564497653,1.204107556464728,1.4397911715491103,0.5027701972850857,0.1784237189395732,-0.07096041560927363,-2.053317618853629,-0.18201241141902758,-0.1989693241966044,-0.02144751507856844,-0.05229549324818069,0.007615072343990972,-0.05745290181218209
11.21,316.8113196021253,172.639526164006,2.3513185030068335,3.2694141846391425,1.0,287.30714715523385,219.6794551275946,1.2010583686251024,1.435498825434909,0.5029162200658861,0.1782296019685266,-0.07192383543134064,-2.0546115070935564,-0.15342257420232863,-0.211913030058562,-0.020934910892503843,-0.12049896271281535,0.08942696906110992,-0.008894679924339441
11.24,316.8113196021253,172.639526164006,2.3513185030068335,3.2694141846391425,1.0,287.2409833381477,219.79397993049488,1.1984788825788582,1.4310339208384057,0.5032104533888926,0.1784109223044978,-0.0728440216045299,-2.0553951922818547,-0.13513085718072707,-0.22259916407961744,-0.014203122620538453,-0.11757596321281114,0.067443277487289,0.010248053267771017
11.27,316.8113196021253,172.639526164006,2.3513185030068335,3.2694141846391425,1.0,287.17929898319346,219.91332096368436,1.1960740344324923,1.4263812489791665,0.5036069681111514,0.1788740446027442,-0.07369058589396814,-2.055896511392853,-0.1352339375766388,-0.23001605973007389,-0.00620322239398554,-0.11764826943220053,0.04493239414740557,0.004364423113205822
11.3,316.8113196021253,172.639526164006,2.3513185030068335,3.2694141846391425,1.0,287.1135220832455,220.03714150526957,1.1935096328750707,1.4215539374163912,0.5020486337168811,0.1788475930902197,-0.0807586169020172,-2.056007187376763,-0.1212433138019829,-0.24340091941776135,-0.15774159419581565,-0.3826987112722602,0.22942715828426558,-0.003829135436080047
11.33,316.8113196021253,172.639526164006,2.3513185030068335,3.2694141846391425,1.0,287.0941016772196,220.18571838342316,1.1927525020358511,1.4157614665332101,0.4991676381821315,0.17397659658964704,-0.07472930256078279,-2.063176460722801,-0.09675210938454147,-0.24278754110375544,-0.30599801480648686,-0.017679608371159894,0.19058801533986386,-0.12251359272184298
11.37,316.8113196021253,172.639526164006,2.3513185030068335,3.2694141846391425,1.0,287.065789201225,220.3422875101982,1.1916487018021444,1.409657407009817,0.49681210476341825,0.1743663452107422,-0.06261025818117139,-2.076382013975352,-0.08245809204179746,-0.24390595153248004,-0.3075743789018127,0.33613500708922694,-0.060968083777647314,-0.07314328819718169
11.4,316.8113196021253,172.639526164006,2.3513185030068335,3.2694141846391425,1.0,286.9529155932149,220.49391022434617,1.1872481712754346,1.40374619008397,0.5011912477669456,0.1958877956604343,-0.053415403129541614,-2.099633702768851,-0.19590173353051815,-0.19914221528188017,-0.1338642992359065,0.13045057904506602,-0.5382676381881134,-0.32711148620091224
11.44,316.8113196021253,172.639526164006,2.3513185030068335,3.2694141846391425,1.0,286.88291444963954,220.61668816393836,1.1845190818572902,1.3989595257723826,0.500648021537895,0.20730732489517373,-0.03495546617848398,-2.109057822617533,-0.18916641246914906,-0.1846789682931593,-0.1004880130508801,0.304387133230633,-0.8786523758897083,-0.17104463476159734
11.47,316.8113196021253,172.639526164006,2.3513185030068335,3.2694141846391425,1.0,286.86238773578765,220.7810035714686,1.1837188201086795,1.392553466999275,0.5049312328908422,0.18455192664168318,-0.07724189757048318,-2.0983097683954357,-0.023107638715507327,-0.2707814952939242,-0.06402476839055886,-0.6904808551926457,-0.3535567375867255,0.4548636997251938
11.51,316.8113196021253,172.639526164006,2.3513185030068335,3.2694141846391425,1.0,286.8483480460994,220.9028657875425,1.1831714637855495,1.3878025034096493,0.5025491153644698,0.1816340778114738,-0.07260289365748097,-2.0902264640733232,-0.029888850185439873,-0.23359200787572904,-0.2045446538027735,0.41862115761326996,0.07057366515655744,0.403059936024606
11.54,316.8113196021253,172.639526164006,2.3513185030068335,3.2694141846391425,1.0,286.7751515533264,221.03348466483675,1.1803177993499583,1.3827101495190353,0.5023403015094532,0.18677517838001675,-0.06679553887918865,-2.0944388796694775,-0.14004767257463527,-0.2409822153142089,-0.061950141778352175,0.22736090264096426,-0.37220559809492276,-0.05635936594939717
11.58,316.8113196021253,172.639526164006,2.3513185030068335,3.2694141846391425,1.0,286.6989911191263,221.18394732145904,1.17734858164235,1.376844159007443,0.5027525357214572,0.17672766462092335,-0.08182687141316397,-2.093536276668391,-0.1315273174514061,-0.2735209861109162,-0.10354709074773662,-0.34461066618621217,0.17935564240712928,-0.009941614853950839
11.62,316.8113196021253,172.639526164006,2.3513185030068335,3.2694141846391425,1.0,286.63983714616097,221.32145386623395,1.1750423838659259,1.3714832800688521,0.5027363381751576,0.17647319165424746,-0.08151624929155062,-2.0955422956394227,-0.14221900681855934,-0.2550252979444605,-0.026357677043418286,-0.048000324876962465,0.004513629302276494,-0.01646643363402875
11.65,316.8113196021253,172.639526164006,2.3513185030068335,3.2694141846391425,1.0,286.5721633214966,221.45680509761974,1.1724040281285228,1.3662064289427003,0.5027867906083393,0.1765965265472051,-0.08159171275826031,-2.0967385593083336,-0.1469314084287928,-0.25526169521249026,-0.015063887369041826,-0.05697868177478191,0.0344048396022534,-0.0060138815386872255
11.69,316.8113196021253,172.639526164006,2.3513185030068335,3.2694141846391425,1.0,286.4996738523137,221.58986382990065,1.1695779279654452,1.3610189539999753,0.5028496831117398,0.17689305352321066,-0.0817077777010382,-2.0973646643231287,-0.14866906284779194,-0.25543585916120815,-0.009752663660763387,-0.04399244136627525,0.01800897106459309,0.010345367907827661
11.73,316.8113196021253,172.639526164006,2.3513185030068335,3.2694141846391425,1.0,286.42399824329163,221.7225524197134,1.166627611824236,1.3558459095628301,0.5024553436093879,0.17709325285098593,-0.0834344148229752,-2.0975378388176447,-0.14765508866714572,-0.2600941998777334,-0.07714786142557277,-0.1846500219139384,0.15084819339480884,-0.005629233694187642
11.77,316.8113196021253,172.639526164006,2.3513185030068335,3.2694141846391425,1.0,286.3434910827556,221.85135032791695,1.1634889311015821,1.3508245486192214,0.5002364302509924,0.16986555467524647,-0.08479955777851926,-2.100122698787231,-0.13173851240068263,-0.24636297450062725,-0.11688116961957316,0.05188172246387135,0.17409410702348144,-0.045242081576402304
11.81,316.8113196021253,172.639526164006,2.3513185030068335,3.2694141846391425,1.0,286.23306875334936,221.97660818002944,1.159183966992175,1.3459412015583057,0.5007508803062345,0.1707856943217299,-0.08372946049548763,-2.108051797277142,-0.15637368326906015,-0.2403693891958368,-0.058467381080653066,0.09212940607603715,-0.1286078597552688,-0.006615734389018968
11.85,316.8113196021253,172.639526164006,2.3513185030068335,3.2694141846391425,1.0,286.13765503156935,222.10710200855777,1.1554641337843818,1.3408537228632438,0.5010882134886061,0.17203744657852166,-0.08264637344807885,-2.1101847185883766,-0.1590768761945068,-0.2624383264087184,0.0006931835231677752,0.045849935962417765,-0.0014148907957147443,-0.009280967591726806
11.88,316.8113196021253,172.639526164006,2.3513185030068335,3.2694141846391425,1.0,286.05863287174486,222.24190621595326,1.1523833478263104,1.3355981982084493,0.5012835131758955,0.17161843309297026,-0.08135735426471204,-2.1103274300245363,-0.15474781281091454,-0.26373751197950807,-0.0009737602363276154,0.023439169614663795,-0.005879244929116711,0.0067105119364763155
11.92,316.8113196021253,172.639526164006,2.3513185030068335,3.2694141846391425,1.0,285.9808224910864,222.37887627194763,1.1493498047207178,1.330258235011788,0.5000704302834406,0.17141245969492808,-0.08581073313379987,-2.110504737711812,-0.14597760087481745,-0.2648368348396826,-0.11576198764928204,-0.3680150485683125,0.2288804920982877,-0.03770745896477128
11.96,316.8113196021253,172.639526164006,2.3513185030068335,3.2694141846391425,1.0,285.91357529897135,222.5024611477028,1.1467280818312402,1.3254401112006708,0.4979608948137819,0.1582864435981765,-0.08112443493128728,-2.113633178260381,-0.151413289500392,-0.24167313481052236,-0.21811507814409795,0.4424943765697154,0.5030107704156935,-0.0904572683076444
12.0,316.8113196021253,172.639526164006,2.3513185030068335,3.2694141846391425,1.0,285.8406037907661,222.63129000073977,1.1438831887238272,1.320417543830809,0.4922357423302609,0.1400349747683226,-0.08042477927667989,-2.112648103429361,-0.13071337789547915,-0.26168413802909796,-0.3490025882369181,0.47611762145773984,0.971095670687104,0.031908070129385756
12.04,316.8113196021253,172.639526164006,2.3513185030068335,3.2694141846391425,1.0,285.6391251490456,222.79172625467893,1.136028270917957,1.3141627191158318,0.4913726867644597,0.13210673032394596,-0.09467245403162176,-2.133728246574461,-0.09505347434121551,-0.2911478275741434,-0.12174778193676895,-0.09018887906112205,0.43849331821319026,0.01367106115652117
12.08,316.8113196021253,172.639526164006,2.3513185030068335,3.2694141846391425,1.0,285.4999302022749,222.9521663047921,1.1306015673401517,1.307907746401868,0.49265538644256845,0.14354226545709123,-0.11141222665307027,-2.148852737335955,-0.12920810550475614,-0.28609461331425107,-0.20462908292682042,-0.5073865870939228,0.17951199232169612,-0.11805643784540162
12.13,316.8113196021253,172.639526164006,2.3513185030068335,3.2694141846391425,1.0,285.4329949876344,223.08992324970095,1.1279920073151812,1.3025371052748176,0.4897007762226049,0.1453215015670314,-0.11604647990631116,-2.154123501647826,-0.1391103135907321,-0.26929006371135417,-0.24180295368982435,-0.5587244184281727,-0.008644612241168054,-0.03905573855368292
12.18,316.8113196021253,172.639526164006,2.3513185030068335,3.2694141846391425,1.0,285.3569272440319,223.22016169530463,1.1250264032760968,1.2974595830290596,0.4869882926792515,0.1482284470051264,-0.11828518995852662,-2.159011151048951,-0.16883261037052855,-0.26859537135385764,-0.25091267490040803,-0.6952506208090058,0.44644920932980536,-0.14834838975641665
12.23,316.8113196021253,172.639526164006,2.3513185030068335,3.2694141846391425,1.0,285.28026874573493,223.33291313356162,1.122037767864911,1.2930638154556873,0.48733620353990786,0.14723452384592106,-0.11743679177575429,-2.159585303936111,-0.1557461564756626,-0.20992799785071206,0.03201227569283404,-0.01676790476780863,-0.08724446665470927,0.03717772831800834
12.27,316.8113196021253,172.639526164006,2.3513185030068335,3.2694141846391425,1.0,285.2079155321513,223.4399029758799,1.1192169798109668,1.288892671505658,0.4934274863094912,0.13649116505949585,-0.09083641462281646,-2.170523115904025,-0.13520273626856505,-0.2564851561600801,-0.05297774377364712,0.13784336237530093,-0.37346398524020086,-0.08235836728493695
12.31,316.8113196021253,172.639526164006,2.3513185030068335,3.2694141846391425,1.0,285.1257808674708,223.57527709133294,1.1160148486343404,1.2836149282131397,0.49276736255631165,0.13860483384047137,-0.07959593016231417,-2.173034988127621,-0.16610237697397928,-0.26244297791844595,-0.15328327781471585,0.4833205125423012,-0.3070984231224786,-0.00611619492539806
12.35,316.8113196021253,172.639526164006,2.3513185030068335,3.2694141846391425,1.0,285.0378453689388,223.7113560595829,1.1125865640911827,1.2783097052794195,0.4879066075024136,0.13464007969605724,-0.06549772098229266,-2.1723046551988943,-0.1761567301323392,-0.26778872144808324,-0.3242295817833537,0.8804490482741217,-0.17281214091582936,0.04922075824926696
12.39,316.8113196021253,172.639526164006,2.3513185030068335,3.2694141846391425,1.0,284.8232431717616,223.86244621218864,1.104220006696359,1.2724192509867975,0.490242653696435,0.14949842498934243,-0.056500953731457,-2.184330990959921,-0.2896370808849529,-0.25249300958527504,-0.07322720077787745,0.3703380492939177,-0.765981807134553,0.1264493246443041
12.43,316.8113196021253,172.639526164006,2.3513185030068335,3.2694141846391425,1.0,284.69684238675893,224.0421005268151,1.0992921008483028,1.265415184139762,0.49386812562271204,0.1345005733969465,-0.07685073537331485,-2.1711624422518705,-0.21172234275550683,-0.27940967137255535,-0.0010485694796318577,-0.13779777176933455,-0.1215640200298725,0.27042112331862994
12.47,316.8113196021253,172.639526164006,2.3513185030068335,3.2694141846391425,1.0,284.5916990159177,224.17121535103357,1.095192944090359,1.2603814677959617,0.49404417882222973,0.13879492250120531,-0.08012561791140542,-2.1660445063559557,-0.20658596861334838,-0.2256586480400197,-0.004448009168921199,-0.3116450090806376,-0.09464609146453094,0.2420977509205233
12.5,316.8113196021253,172.639526164006,2.3513185030068335,3.2694141846391425,1.0,284.5003518836144,224.28068409710565,1.0916316523826286,1.2561136804247315,0.49435655411665447,0.1386610192659495,-0.0781600585606734,-2.163606254228325,-0.16984955179433894,-0.2122881260837585,-0.018671137756243354,0.13558078335798188,0.056455277532927166,0.12039900884080088
12.54,316.8113196021253,172.639526164006,2.3513185030068335,3.2694141846391425,1.0,284.4168188757519,224.37354727001616,1.0883750049026082,1.2524932838200338,0.4935086663030964,0.1339952804697863,-0.0749492906061174,-2.157593192851254,-0.13286736763948678,-0.20452406836548323,-0.021784860664071995,0.19988117671878664,-0.04156474538267385,0.19241398989388292
12.57,316.8113196021253,172.639526164006,2.3513185030068335,3.2694141846391425,1.0,284.3304843269693,224.45304804418433,1.0850091355543598,1.2493938384333592,0.49420270724628124,0.13364973765704072,-0.07231786588634141,-2.151025289931922,-0.16444188710317223,-0.17167565135109009,-0.022889179361515723,0.054507374928543045,-0.06924911405905866,0.22167537123017036
12.61,316.8113196021253,172.639526164006,2.3513185030068335,3.2694141846391425,1.0,284.2515501043984,224.5413213931512,1.081931777949256,1.2459523823332859,0.4924366381069053,0.13352092660958184,-0.06606416729482052,-2.146905566985531,-0.149397624617968,-0.1786931900281668,-0.1521548159000913,0.5437657488980656,-0.14600154330499265,0.20516741620491688
12.64,316.8113196021253,172.639526164006,2.3513185030068335,3.2694141846391425,1.0,284.1807506518175,224.66479212708543,1.0791715653730032,1.241138708495695,0.49131707669960684,0.12396143132622049,-0.0724636343741106,-2.1408665301536765,-0.13691398394365784,-0.24790515181350145,-0.056123918178444046,-0.01975568573915376,0.13072811322470088,-0.035699118887738426
12.68,316.8113196021253,172.639526164006,2.3513185030068335,3.2694141846391425,1.0,284.1061578701857,224.75467725384365,1.0762634647245886,1.2376344150548273,0.49221235171289046,0.12615355335830436,-0.06805950334160908,-2.1342804609056,-0.13846984657866138,-0.24188590431611326,-0.050802868931121445,0.0478161480737183,0.08039465629347703,0.06024802843767109
12.71,316.8113196021253,172.639526164006,2.3513185030068335,3.2694141846391425,1.0,284.02548120858614,224.83909110557678,1.0731181757733397,1.2343434266831657,0.4935141203102212,0.1307731981230538,-0.06713827471349634,-2.126918794960977,-0.15982966900347692,-0.20934990885181287,0.012365622433704728,-0.08015042304921681,-0.0849076447709351,0.08084304343777912
12.74,316.8113196021253,172.639526164006,2.3513185030068335,3.2694141846391425,1.0,283.94256488146567,224.94797881009112,1.0698855704275108,1.2300982920042447,0.49393355093494545,0.13156461626494897,-0.06570383199507063,-2.125147595809686,-0.1677362194425082,-0.21431218730439242,0.01262842608497661,0.05421615676770011,-0.07820255743931968,0.0910473569137763
12.78,316.8113196021253,172.639526164006,2.3513185030068335,3.2694141846391425,1.0,283.8620938554532,225.05947432975242,1.0667482984582146,1.2257514881188143,0.49299083117405523,0.1332032124853275,-0.05949175575036385,-2.123153365896314,-0.15117637125914565,-0.2187253215590268,-0.10997213504982592,0.27923389985499303,-0.38399769108344783,0.12795535946504563
12.81,316.8113196021253,172.639526164006,2.3513185030068335,3.2694141846391425,1.0,283.8005037779789,225.18668673747882,1.0643471258471306,1.2207919400593057,0.49220100881673406,0.13277510315254307,-0.05438794732273953,-2.117151420949966,-0.16579670341160535,-0.22184690690573222,-0.06535272337454524,0.3003578710197896,-0.20399010801843653,0.08126485151315133
12.85,316.8113196021253,172.639526164006,2.3513185030068335,3.2694141846391425,1.0,283.74341204488036,225.32300821800817,1.0621213272857843,1.2154772624558223,0.4941702886359294,0.13303174152624622,-0.059113602629604266,-2.1087281520579557,-0.12228368649639011,-0.2414347069909126,0.01251130437814231,0.05386195417422391,-0.12074568095481127,0.14427450017329005
12.88,316.8113196021253,172.639526164006,2.3513185030068335,3.2694141846391425,1.0,283.67372797259776,225.44716764688877,1.0594045993215502,1.210636738912719,0.4944385568875878,0.13396387344627847,-0.05713611704293828,-2.106774960994329,-0.14337466192508344,-0.24479408477261,-0.026738003213383585,0.13834476733059875,0.013788127388926095,0.05829756730998344
12.92,316.8113196021253,172.639526164006,2.3513185030068335,3.2694141846391425,1.0,283.60473357567685,225.57025085222037,1.0567147592856463,1.2058381734027146,0.4932509551699529,0.13009200036583196,-0.05405849527117765,-2.1036010213320284,-0.12748493890921492,-0.2568668721416135,-0.09634527022466569,0.24969288929770275,0.17787353070302386,0.08277313709841196
12.95,316.8113196021253,172.639526164006,2.3513185030068335,3.2694141846391425,1.0,283.5231832572365,225.67132506666724,1.0535354096388516,1.2018976582196006,0.494488817891368,0.13304605539139794,-0.05060951151065618,-2.096627308034181,-0.1782250903635215,-0.23197132929718486,0.0056014279192295275,0.02886761520650477,-0.09447153574313485,0.11049982517733137
12.98,316.8113196021253,172.639526164006,2.3513185030068335,3.2694141846391425,1.0,283.4378591849414,225.79544695482272,1.0502089350854333,1.1970585982525257,0.4948715534780497,0.13406842329153468,-0.04824441291724882,-2.0954179892529687,-0.16164393369953414,-0.24884496059232833,0.016226507071724818,0.11523137703758257,-0.11781532790588954,0.034243150811823116
13.01,316.8113196021253,172.639526164006,2.3513185030068335,3.2694141846391425,1.0,283.35655281285534,225.9267602792807,1.0470390960177522,1.1919391703984135,0.49500354713287487,0.13395900317086626,-0.045545433048098626,-2.0946555458346947,-0.15605610574640183,-0.2616479946875366,-0.04552643796150917,0.20078673209044162,0.05606684903324232,0.01641150675182313
13.05,316.8113196021253,172.639526164006,2.3513185030068335,3.2694141846391425,1.0,283.27424852805524,226.05139183136262,1.043830351970964,1.1870802404926846,0.4955429274829593,0.13515821958858645,-0.04258352009278104,-2.0920884942180056,-0.16335356376033078,-0.2526087137086389,0.015850633227056647,0.07564277179603589,-0.10355383466831262,0.03836383560470094
13.08,316.8113196021253,172.639526164006,2.3513185030068335,3.2694141846391425,1.0,283.19326320935056,226.18289788429826,1.0406730296043092,1.1819532988577663,0.49598294601068565,0.13603976948869545,-0.03975013119180459,-2.091474231120242,-0.15588538672956662,-0.2572923095695652,0.01395638096493169,0.11837037336711677,-0.13319538389087196,0.027600510954784257
13.12,316.8113196021253,172.639526164006,2.3513185030068335,3.2694141846391425,1.0,283.11602923381406,226.31606143039707,1.037661958433295,1.1767617376063515,0.49492651530969556,0.1363573913855015,-0.03202957480055523,-2.0907720764732614,-0.1443338723411807,-0.27047222309189334,-0.12298238837623647,0.49011718563682033,-0.21486470286373888,0.03874892275133941
13.15,316.8113196021253,172.639526164006,2.3513185030068335,3.2694141846391425,1.0,283.0446540698084,226.45505220854704,1.0348793009671917,1.17134299381883,0.49181781692581195,0.13761868006939912,-0.014662582173011453,-2.0878973281742117,-0.14032035021340802,-0.29588536184541653,-0.21377501554176437,0.8796685461027358,-0.5645226792737364,0.15597651587905187
13.19,316.8113196021253,172.639526164006,2.3513185030068335,3.2694141846391425,1.0,283.0443113894417,226.6922523306911,1.0348659411088372,1.1620954257040512,0.494510994534972,0.13471553990535326,-0.020955001801563147,-2.068131680582629,-0.14431152893206056,-0.35303104318524275,-0.06702419634290888,0.45504548994366334,-0.18322267194411104,0.25454787153741887
13.22,316.8113196021253,172.639526164006,2.3513185030068335,3.2694141846391425,1.0,282.9750168794075,226.88183713216705,1.0321644007566273,1.1547042053736043,0.49453028155193984,0.13461118065378774,-0.015844390275542554,-2.06196069088148,-0.1401076080728696,-0.36078084652056713,-0.0144123525411131,0.261429078983575,-0.15338736766051095,0.2183329377521583
13.26,316.8113196021253,172.639526164006,2.3513185030068335,3.2694141846391425,1.0,282.90241435981477,227.06125640237605,1.0293338931701643,1.1477093020516165,0.49452593915762416,0.1350863169493133,-0.010403592710418724,-2.0573608193141344,-0.13973572981745508,-0.34508311820659,0.015185515942012576,0.14829648661811853,-0.13790909262194426,0.23615236107085774
13.3,316.8113196021253,172.639526164006,2.3513185030068335,3.2694141846391425,1.0,282.8323297931838,227.2304863070449,1.0266015513911821,1.141111644949516,0.49500043592440757,0.13607389017396354,-0.0065342147146240795,-2.0528636150312214,-0.1348425101287614,-0.32128821344560166,0.01846208640119067,0.15220689976521548,-0.12673876665557907,0.19836882996212044
13.33,316.8113196021253,172.639526164006,2.3513185030068335,3.2694141846391425,1.0,282.7632461459807,227.3898332451435,1.0239082318121158,1.1348992886883622,0.4954775219934363,0.1370854641551201,-0.002900126061843077,-2.0491097930479634,-0.13367415911053104,-0.30387118147458764,0.019711371077650995,0.13812532932534854,-0.12403000990781472,0.16077841258455822
13.36,316.8113196021253,172.639526164006,2.3513185030068335,3.2694141846391425,1.0,282.69336744247744,227.54133839613556,1.0211839158860594,1.12899265512142,0.4953706186922357,0.13626212333522383,0.0003753218814988915,-2.046489259337506,-0.14039327760094197,-0.29010894166077206,-0.07233630593739945,0.23896562915312394,0.1435642048819307,0.0803643926278139
13.39,316.8113196021253,172.639526164006,2.3513185030068335,3.2694141846391425,1.0,282.61995373076206,227.66945862033333,1.0183217828757136,1.1239977146068885,0.4954919580499063,0.13818245882059957,0.003004984322101048,-2.0396549734895384,-0.14583172283885437,-0.2750983558301209,-0.02340248810520637,-0.025201200727959505,-0.131543192478764,0.24193761321163076
13.43,316.8113196021253,172.639526164006,2.3513185030068335,3.2694141846391425,1.0,282.54742715200416,227.81142265802546,1.0154942359455814,1.1184630542680132,0.49391072076074016,0.14269292292055985,0.008476663841890884,-2.035452858225091,-0.14786275126417334,-0.26719282567158126,-0.14758886937154456,0.2501324195260364,-0.42199533453728166,0.19962337873461505
13.46,316.8113196021253,172.639526164006,2.3513185030068335,3.2694141846391425,1.0,282.48409197911474,227.96716835395634,1.0130250284255238,1.1123910973116446,0.492251856830848,0.1447758495254555,0.029083332525094468,-2.036999733291492,-0.16782867752894454,-0.32489402207786594,-0.08437199865279132,0.5248110974384644,-0.7896804082635884,-0.0875829335002534
13.5,316.8113196021253,172.639526164006,2.3513185030068335,3.2694141846391425,1.0,282.5392936697932,228.1843521383994,1.0151771411225423,1.1039238932397892,0.4947020026707011,0.14743208556905202,0.025074622655556617,-2.0155072176897333,-0.12997151879573438,-0.2993183576879893,-0.2423697732299396,0.9998467530110624,-0.49437280632041253,0.42307618316249923
13.54,316.8113196021253,172.639526164006,2.3513185030068335,3.2694141846391425,1.0,282.4488353372828,228.37544335636187,1.0116505004788596,1.0964739432217594,0.4950451686021894,0.1520400963060413,0.03345767749791759,-2.0108739023259847,-0.2767857212962774,-0.35823746244708443,-0.12450948405327411,0.659155901560242,-0.18625817292843605,0.09646589163589259
13.57,316.8113196021253,172.639526164006,2.3513185030068335,3.2694141846391425,1.0,282.3495855552089,228.58028580960686,1.0077811132635055,1.0884878826663986,0.49313990118250706,0.13890903254057702,0.02757160624352239,-2.0044593143137956,-0.17612975828189667,-0.3733445227074148,-0.21141736934282923,0.15309213147110967,0.30937287172465533,0.23568914972817676
13.61,316.8113196021253,172.639526164006,2.3513185030068335,3.2694141846391425,1.0,282.27636953702273,228.73406969227216,1.0049266876032257,1.0824924096580057,0.4914743893402297,0.13323266783576856,0.033465567892515743,-1.9963663006627426,-0.11352788041178141,-0.32393972517971686,-0.14968935616505238,0.34257640915157683,0.27393903569185474,0.23502812843502077
13.64,316.8113196021253,172.639526164006,2.3513185030068335,3.2694141846391425,1.0,282.203900582101,228.86642769340034,1.002101387216415,1.0773322536686034,0.49151007155861887,0.13895074399992025,0.043724402928704546,-1.9852848661119449,-0.1307249801881582,-0.29272793559442883,-0.12912528311890864,0.6239988020885485,-0.2942423535053683,0.23415230821971428
13.68,316.8113196021253,172.639526164006,2.3513185030068335,3.2694141846391425,1.0,282.13835837540495,229.04213550861385,0.9995461354933703,1.070482046447802,0.49279487541566785,0.13599992002251574,0.044995662366024966,-1.978410030875777,-0.14245723685272113,-0.34156897397883673,-0.02184182463913255,0.22523744453882785,-0.12220799702360599,0.19297514459461024
13.71,316.8113196021253,172.639526164006,2.3513185030068335,3.2694141846391425,1.0,282.0325104429542,229.2214835987615,0.9954195104465574,1.06348991817694,0.4941715534382426,0.14238431424090753,0.04612880958587421,-1.9817791966094749,-0.166719859389469,-0.3151027194290427,-0.06549774972756585,0.27379486497650696,-0.00786282120216365,0.004345885084043606
13.74,316.8113196021253,172.639526164006,2.3513185030068335,3.2694141846391425,1.0,281.9575466780215,229.38079339872846,0.9924969465115595,1.0572790097961615,0.49226393161911136,0.1454291212765635,0.04949909203701184,-1.979789664355931,-0.13991373048511124,-0.30138617044848787,-0.1474968564120608,0.07289966347335051,-0.4943393671706525,0.14705393880758424
13.77,316.8113196021253,172.639526164006,2.3513185030068335,3.2694141846391425,1.0,281.864865574329,229.53666264359543,0.988883648121988,1.051202236117136,0.493012227527741,0.14899441428941637,0.0433962053332573,-1.9755188041731375,-0.19732828142231987,-0.27409295311450105,-0.029036695522639384,-0.2488659777920558,-0.17272588664230634,0.07193133898348905
13.79,316.8113196021253,172.639526164006,2.3513185030068335,3.2694141846391425,1.0,281.7975537412846,229.68200823085934,0.9862594051183085,1.045535741486965,0.49375699667185363,0.14357268248695898,0.05630020139532388,-1.9779600578858576,-0.14240589896376504,-0.27980600428123814,-0.008732532874694329,0.11969103989123832,-0.1104994788761996,0.09404695048146265
13.82,316.8113196021253,172.639526164006,2.3513185030068335,3.2694141846391425,1.0,281.7225116391822,229.82485331530677,0.9833337871026203,1.0399667323467139,0.49390333018890803,0.14476441833374834,0.058642821659924314,-1.9763184979541906,-0.1478013245663212,-0.2756967000568404,-0.002540473229988408,0.09701006216764757,-0.10189907910411533,0.06460741645513114
13.84,316.8113196021253,172.639526164006,2.3513185030068335,3.2694141846391425,1.0,281.6493444560054,229.96671823912604,0.9804812653413415,1.034435936096451,0.4928936809116469,0.1430555617909661,0.06173868268306351,-1.97528926893403,-0.13576997113278114,-0.2778937641049156,-0.12740533451454772,0.31891540793792655,0.07925050464512501,0.030691643841440484
13.87,316.8113196021253,172.639526164006,2.3513185030068335,3.2694141846391425,1.0,281.58988692202024,230.11894529556838,0.9781632328273012,1.0285011580675092,0.48935006911722945,0.1320903234296501,0.06303382469685478,-1.9739798080054434,-0.10260251215835162,-0.2909337830192996,-0.24769138637793417,0.39201158463577795,0.5928035383979754,0.11596966070995011
13.89,316.8113196021253,172.639526164006,2.3513185030068335,3.2694141846391425,1.0,281.5292028378178,230.2406349087909,0.9757973815913403,1.023756923633883,0.49038732728546414,0.142805026059862,0.07427609067565051,-1.96620496175149,-0.11667025327917786,-0.2689896117321361,-0.11252776752384067,0.336588566481369,-0.04422841715015275,0.1333653277433222
13.92,316.8113196021253,172.639526164006,2.3513185030068335,3.2694141846391425,1.0,281.46543897472907,230.3953699820618,0.973311461003084,1.01772436717108,0.49231964881989726,0.14292560579065822,0.07424982242130448,-1.9578624506752011,-0.11229828305157913,-0.327502343194861,-0.04292078437170131,0.11137624561161605,-0.14383864151165987,0.17070511802814564
13.95,316.8113196021253,172.639526164006,2.3513185030068335,3.2694141846391425,1.0,281.39866331451464,230.55887245319852,0.9707081214235727,1.0113500018246182,0.49224488616899664,0.14561152811096062,0.0751501467670343,-1.9558180387522617,-0.1378043736726941,-0.30502695900035076,-0.022889549828972275,-0.060923596020559564,-0.13914911962620466,0.048216897488250636
13.97,316.8113196021253,172.639526164006,2.3513185030068335,3.2694141846391425,1.0,281.3330784787194,230.70699831072645,0.9681512077473456,1.0055751145915623,0.4917948288444,0.14625644654464398,0.0800356373673049,-1.954903216707733,-0.12499331888033233,-0.2836104588016731,-0.06868738799539287,0.35563699169520435,-0.19427009714560317,0.04163529018677073
14.0,316.8113196021253,172.639526164006,2.3513185030068335,3.2694141846391425,1.0,281.2671541912578,230.864406441386,0.9655810600880241,0.9994383453650686,0.49164041805168046,0.14560400241438765,0.08350909943582474,-1.9519605418896286,-0.13534023802233083,-0.3109503235549692,-0.03402484327004913,0.19235380118400355,-0.07641499896846964,0.11654612220339584
14.02,316.8113196021253,172.639526164006,2.3513185030068335,3.2694141846391425,1.0,281.1905117809212,231.01977765164034,0.9625930518877652,0.9933809882401419,0.4914329398559293,0.14706686078712372,0.0858894690063078,-1.9501454839571264,-0.15607012562729006,-0.292628628103511,-0.03112847935213582,0.02487168369975463,-0.12713615696416486,0.06754502269157517
14.04,316.8113196021253,172.639526164006,2.3513185030068335,3.2694141846391425,1.0,281.11766295616275,231.1680169438552,0.9597529417607291,0.9876016786021354,0.49125323637969137,0.1476355971334358,0.08851863169659667,-1.9482300544031086,-0.14074858037872615,-0.28682526379716616,-0.011047655188149905,0.0982366586149899,-0.06154100244650246,0.08220983469383912
14.07,316.8113196021253,172.639526164006,2.3513185030068335,3.2694141846391425,1.0,281.047057734473,231.31429761576976,0.9570003015389089,0.9818987284300276,0.4912100900649511,0.1483019373543484,0.0906026455683734,-1.9466681640021721,-0.13740900824310628,-0.2814871675867021,-0.01375399076151649,0.10212704351090121,-0.07163789226572011,0.07036067859348673
14.09,316.8113196021253,172.639526164006,2.3513185030068335,3.2694141846391425,1.0,280.9795085897918,231.4584656306938,0.9543668066195641,0.9762781430528727,0.4902492271675215,0.15075123947941108,0.09454900928751242,-1.9453069387165265,-0.12648889892524232,-0.28252174109344924,-0.11530490361548672,0.15997121247725174,-0.35317871348994784,0.04354601763683553
14.12,316.8113196021253,172.639526164006,2.3513185030068335,3.2694141846391425,1.0,280.92383231968336,231.61990241189667,0.9521961918005216,0.9699843114270301,0.4880130729507681,0.14334862249920716,0.09190828511865992,-1.9434104495482318,-0.11064344259095572,-0.29246510471156334,-0.2069367530578055,0.012932183133574526,0.35122813184048285,0.14231859779459866
14.15,316.8113196021253,172.639526164006,2.3513185030068335,3.2694141846391425,1.0,280.8305548518063,231.72719938807165,0.9485596433452752,0.9658011934474992,0.48949770135495646,0.14878421669094088,0.0967389873054704,-1.9349268686529686,-0.22580773842750315,-0.21121592764405384,-0.08146134797285179,0.02532731173232752,0.021987039421513803,0.2191041325411739
14.18,316.8113196021253,172.639526164006,2.3513185030068335,3.2694141846391425,1.0,280.75717757970546,231.86208928922878,0.9456989309826668,0.9605423279053104,0.48943496426978267,0.1493900051440508,0.09856211193956961,-1.9341698049424483,-0.14697283971493943,-0.25805909213142475,-0.043589017825088186,-0.043752862400316686,-0.08204781311978962,0.11486029575273579
14.21,316.8113196021253,172.639526164006,2.3513185030068335,3.2694141846391425,1.0,280.7073030176372,232.0113646565592,0.9437545036115851,0.9547226254752756,0.48947994417895857,0.1504726287934919,0.10118353607567303,-1.9348492664537846,-0.13628665338408547,-0.27708432823437856,-0.02873837300997854,-0.039020145423502864,-0.1126884285455293,0.034029573994223246
14.25,316.8113196021253,172.639526164006,2.3513185030068335,3.2694141846391425,1.0,280.65251449080915,232.16131409508975,0.9416184986670226,0.9488766434662861,0.48972555753230906,0.15205011231698703,0.1034521975062337,-1.9365776875093508,-0.13566917669004083,-0.2737678855702555,-0.021104503910727067,0.008135625503019356,-0.10240769401955664,0.011197149962834232
14.28,316.8113196021253,172.639526164006,2.3513185030068335,3.2694141846391425,1.0,280.5961476873928,232.3075082678163,0.9394209624714541,0.9431770655822099,0.4897614408414259,0.1528925351991215,0.10609634962019196,-1.937224537185738,-0.126417801953151,-0.27798426028467754,-0.021927876615722295,0.07406045532831358,-0.08732475969526612,0.037638606143292085
14.32,316.8113196021253,172.639526164006,2.3513185030068335,3.2694141846391425,1.0,280.53536807724925,232.45209850346217,0.9370513870272621,0.9375400193582005,0.4897180772139409,0.1534069690395627,0.10844915556320038,-1.9366912439735229,-0.12524341358806615,-0.27898058994286357,-0.015038389805498296,0.08657614167067626,-0.06571709613542144,0.04362474000835921
14.35,316.8113196021253,172.639526164006,2.3513185030068335,3.2694141846391425,1.0,280.4732587700023,232.59653282972153,0.9346299715400512,0.9319090514728445,0.489480329305037,0.15325748633921327,0.11037405912492881,-1.9359044706078363,-0.11908352689361892,-0.28203733484829796,-0.057041277356970344,0.1310032024288185,0.06534320376608874,0.04841509842595986
14.39,316.8113196021253,172.639526164006,2.3513185030068335,3.2694141846391425,1.0,280.41728782520494,232.74299944538845,0.9324478684290415,0.9261988520316393,0.4869070774050035,0.14608128619492453,0.11311725296287359,-1.9354373796087887,-0.09957111653821374,-0.2902499773012031,-0.19728675458324135,0.2515370218010144,0.4596685479458025,0.10940088740890369
14.43,316.8113196021253,172.639526164006,2.3513185030068335,3.2694141846391425,1.0,280.38102785253017,232.89548216207345,0.9310342242701812,0.9202541067417771,0.481862068677969,0.13063656853151082,0.11490127542003466,-1.9360770944687262,-0.05796105696732333,-0.30108140016123913,-0.3196439705704531,0.42759729071905467,0.8238131167194516,0.045213557852192963
14.46,316.8113196021253,172.639526164006,2.3513185030068335,3.2694141846391425,1.0,280.3126860124786,233.00907189825037,0.9283698250478993,0.9158256569882894,0.4809494499698452,0.12577980997154856,0.12133020017127276,-1.9241029452269498,-0.04291254347081322,-0.2593903588801318,-0.26666921187064935,0.23820527902258543,0.6172827056906978,0.3618713310994785
14.51,316.8113196021253,172.639526164006,2.3513185030068335,3.2694141846391425,1.0,280.26158994724955,233.11516578994753,0.9263777757212303,0.9116894428870365,0.47721346707706586,0.11651231162496938,0.12244069279583263,-1.9132743866644382,-0.0647903707649516,-0.22386744853006366,-0.3641754039217645,0.13336729815958995,0.8405450625653066,0.42445783118945224
14.55,316.8113196021253,172.639526164006,2.3513185030068335,3.2694141846391425,1.0,280.18809173469566,233.2127774179259,0.9235123483312152,0.9078839213284247,0.47489260004649664,0.11114242666251488,0.12329048108819449,-1.9031092512319405,-0.07165947898495295,-0.2724211911798564,-0.11483991001659291,-0.012447331662687935,0.19808594146861205,0.13749316502442582
14.59,316.8113196021253,172.639526164006,2.3513185030068335,3.2694141846391425,1.0,280.0827638013994,233.30917881470225,0.9194059961559216,0.9041255822728178,0.47900037007495344,0.1250946220902922,0.13176077026095082,-1.8865445758807442,-0.08175988476943004,-0.2576216471835261,-0.12382728173998164,-0.001437025959079019,0.0580417131993034,0.20034976320081554
14.63,316.8113196021253,172.639526164006,2.3513185030068335,3.2694141846391425,1.0,280.00128278989297,233.41173095055086,0.9162293485338392,0.9001274483216025,0.4782919563375746,0.12510963141103568,0.13041824717082168,-1.8753609415682102,-0.10297234924348124,-0.216031763854558,-0.1807883482676853,-0.1427593997904562,0.2084741622330749,0.32060889270645965
14.66,316.8113196021253,172.639526164006,2.3513185030068335,3.2694141846391425,1.0,279.9385373277584,233.50783929502614,0.913783131686488,0.8963805343069728,0.4754221088249059,0.11746772869618725,0.13020744731736814,-1.8658931004185435,-0.0790413891657995,-0.20306640467166515,-0.2400375509308661,0.20224812760083455,0.5626618217377759,0.3466152873600665
14.7,316.8113196021253,172.639526164006,2.3513185030068335,3.2694141846391425,1.0,279.8562353798721,233.60104979393603,0.9105744787474493,0.8927465967276413,0.47661867429582017,0.12313000258356428,0.13443354640662625,-1.8540029678598022,-0.07360636355850736,-0.22585360349731237,-0.12170397947959773,0.11459139480491687,0.11284852144011648,0.2606434155702908
14.74,316.8113196021253,172.639526164006,2.3513185030068335,3.2694141846391425,1.0,279.7927452254204,233.70067457880174,0.9080992290612235,0.8888625895203996,0.47534459133528584,0.12016002592494114,0.13338036468564698,-1.844209942468822,-0.09546163112881507,-0.20272837878577993,-0.19814137404571036,-0.0717272640557296,0.37598431865245235,0.34960263049959367
14.78,316.8113196021253,172.639526164006,2.3513185030068335,3.2694141846391425,1.0,279.7160386037652,233.78711972782747,0.9051087174957198,0.8854924082718341,0.47641811692724256,0.12358347143302062,0.1371623667654673,-1.8330455254345657,-0.09297043748200066,-0.21314894993646485,-0.07326723434897825,0.011040465100488256,0.07586428418156355,0.2612747436737207
14.81,316.8113196021253,172.639526164006,2.3513185030068335,3.2694141846391425,1.0,279.65168480955066,233.90390689945426,0.9025997976432998,0.880939302165527,0.47657879390313784,0.12589155656984644,0.13611360970857458,-1.8291013833662595,-0.11621342059274099,-0.2463876116747849,-0.03051916101757979,-0.1666473542121109,-0.09271304582590305,0.06456618669154839
14.84,316.8113196021253,172.639526164006,2.3513185030068335,3.2694141846391425,1.0,279.5904406412412,234.03101290251684,0.9002121107696345,0.8759839024359906,0.4763268794623106,0.13009971438006585,0.13122621318438218,-1.8280067890568266,-0.1227658261285991,-0.2429551382552002,-0.021179522292023432,-0.3653383456980911,-0.16939794269218075,-0.004282463101548831
14.87,316.8113196021253,172.639526164006,2.3513185030068335,3.2694141846391425,1.0,279.5254223355169,234.1511428512867,0.8976772840357474,0.8713004736340475,0.4761040476625136,0.1365227157590039,0.1231105053992569,-1.827715913662901,-0.13060835395953163,-0.22305669359963454,-0.021780149439764272,-0.5402111483505931,-0.2352123665917928,-0.05269905064041763
14.91,316.8113196021253,172.639526164006,2.3513185030068335,3.2694141846391425,1.0,279.45649292775835,234.25993848224036,0.894989977690382,0.8670589285676288,0.47581747051708345,0.14516163666584905,0.11200632877044202,-1.8280720296650423,-0.13853379401212967,-0.20017020713318523,-0.02428414166629194,-0.7168625854246545,-0.3016038466412218,-0.08955893663735642
14.93,316.8113196021253,172.639526164006,2.3513185030068335,3.2694141846391425,1.0,279.4166337736689,234.3553049062077,0.8934360145679869,0.8633409393291344,0.47777666342786373,0.12866441610483437,0.13170157588835818,-1.8375119331940084,-0.10354022703259602,-0.2255205521793326,-0.058963883853407534,0.19695538524958817,-0.13276478139819886,-0.12721056793243282
14.96,316.8113196021253,172.639526164006,2.3513185030068335,3.2694141846391425,1.0,279.3678991791722,234.4788528182658,0.8915360303770825,0.8585242565978247,0.47672519138239855,0.12935482706099596,0.13638794034809482,-1.8384299558725479,-0.08210811069218493,-0.2543539026902297,-0.00806420394461172,0.007497198481766339,-0.015050710371377854,0.02989945055723913
14.99,316.8113196021253,172.639526164006,2.3513185030068335,3.2694141846391425,1.0,279.32001868644244,234.61059695903268,0.8896693445006792,0.8533880327862509,0.47682760647921746,0.13103819157671276,0.1348413398490049,-1.8381072574837618,-0.10265855829437173,-0.2526744032178044,-0.006832530759903775,-0.1599994012432929,-0.08310777776785717,-0.018533550864860786
15.02,316.8113196021253,172.639526164006,2.3513185030068335,3.2694141846391425,1.0,279.27174032973414,234.7424033032649,0.8877871473580553,0.8482493838883088,0.47693115185723667,0.1322704360896542,0.13370928620182135,-1.8377110068523863,-0.094782448234807,-0.2585778237913297,-0.0061020279824894625,-0.04185841914292166,-0.036715895694681706,0.014731569919538109
15.05,316.8113196021253,172.639526164006,2.3513185030068335,3.2694141846391425,1.0,279.22314155398453,234.87609689494082,0.8858924582450098,0.8430371580919765,0.47703946142983694,0.13341734917146955,0.13259994132686825,-1.8370625722127165,-0.09494406657765293,-0.26028061735345237,-0.0015516143898027155,-0.05935185329684189,-0.02972833025216454,0.02340287941175151
15.08,316.8113196021253,172.639526164006,2.3513185030068335,3.2694141846391425,1.0,279.1770016932692,235.01278935390764,0.8840936332658544,0.8377080173915155,0.47709054159371855,0.13426000272328167,0.13224981700619004,-1.8361839140460123,-0.09371426893524117,-0.26373502449154235,-0.0051674640025578915,-0.030831996569456233,-0.04464344414420118,0.009159876673678326
15.1,316.8113196021253,172.639526164006,2.3513185030068335,3.2694141846391425,1.0,279.128887160506,235.14712862683518,0.8822178230216766,0.8324706188368357,0.4773099661158993,0.13599830864225737,0.1304748177764939,-1.835611648785728,-0.09470456637025339,-0.25805365504378597,-0.0017425354716714744,-0.03562320359282415,-0.04369529149960931,0.002962838276038644
15.13,316.8113196021253,172.639526164006,2.3513185030068335,3.2694141846391425,1.0,279.0801002415749,235.2807665308728,0.8803157988918096,0.827260564098527,0.47694975309237386,0.13565980686041748,0.12936897883854792,-1.8351890923362577,-0.09508000315189741,-0.26251474971275063,-0.07852593758182862,0.01126047024530256,0.19240120706848626,0.023426363354564092
15.15,316.8113196021253,172.639526164006,2.3513185030068335,3.2694141846391425,1.0,279.0263747631226,235.4132526060417,0.8782212383283646,0.8220954149691333,0.47466803524539897,0.12958281379899034,0.12995815343615788,-1.8341669109906136,-0.06864106188726014,-0.2536849555679403,-0.11712260819250525,0.14360306664143674,0.17147857798996657,0.07329717426286964
15.18,316.8113196021253,172.639526164006,2.3513185030068335,3.2694141846391425,1.0,278.9538881217976,235.52595638113073,0.8753952484131635,0.8177015056089387,0.4768619160162793,0.13406421244748745,0.13168298488541816,-1.8277714816294541,-0.09731368821116426,-0.247499774239275,-0.02288237604469493,-0.07903960771829344,-0.020931921948579898,0.05260370972292337
15.2,316.8113196021253,172.639526164006,2.3513185030068335,3.2694141846391425,1.0,278.90298637781035,235.6545141738069,0.8734107749633666,0.8126895058944692,0.4768816110538521,0.13677612686850638,0.12786481376032865,-1.826616506426478,-0.1078205168965334,-0.24581191267836106,-0.01262721276553709,-0.2778716683681333,-0.10844754245427121,0.006151976171995843
15.22,316.8113196021253,172.639526164006,2.3513185030068335,3.2694141846391425,1.0,278.8509085492555,235.78021890574112,0.8713804502633731,0.8077887366182792,0.4768855701101518,0.13890407753162168,0.12523320725579437,-1.8264072330303878,-0.10214781871120986,-0.2479963007741041,-0.006989847757307528,-0.0234958567846319,-0.02858294847007429,-0.0014470320994897298
15.24,316.8113196021253,172.639526164006,2.3513185030068335,3.2694141846391425,1.0,278.79837434753057,235.90891852107913,0.86933233323706,0.8027712077552004,0.4766262184547921,0.13898260150215722,0.1242695449589675,-1.8256319001983337,-0.10592053900538281,-0.2523466522250679,-0.06520069388587495,0.015051678288643284,0.13580691732926353,0.033251898927129875
15.26,316.8113196021253,172.639526164006,2.3513185030068335,3.2694141846391425,1.0,278.74951130210644,236.04176979789304,0.8674273412127289,0.7975918207449115,0.47387267167897296,0.13141377221516404,0.12354330085771545,-1.8254236061496039,-0.09551037448836013,-0.26127845177224984,-0.21543050726818086,0.16197991341283913,0.5484595850885771,0.03696043053460521
15.29,316.8113196021253,172.639526164006,2.3513185030068335,3.2694141846391425,1.0,278.70980751789534,236.1790007520828,0.8658794353955295,0.7922416860786425,0.46823908575319245,0.11511036597259022,0.12308504852972904,-1.8259165112451428,-0.08108365822614816,-0.26865317391627475,-0.36488675659569675,0.3229631760686674,0.935254125032669,0.04258809360921962
15.31,316.8113196021253,172.639526164006,2.3513185030068335,3.2694141846391425,1.0,278.63216981376104,236.29823843884247,0.8628526243181687,0.787593043319981,0.46255732358046286,0.0968840410433877,0.12773372227595592,-1.8201638380064908,-0.06410306695338303,-0.2582397762239804,-0.3022687034793288,0.3124075600825259,0.7187396834504947,0.15850330130598944
15.33,316.8113196021253,172.639526164006,2.3513185030068335,3.2694141846391425,1.0,278.5639892524703,236.40890394695836,0.8601945127668743,0.7832785985591291,0.460737185921089,0.08814730053155148,0.13230405285009492,-1.8087994096579523,-0.058811371626665034,-0.24135739620570068,-0.2392752185151867,0.3428664931609376,0.4257670547659424,0.2688419138013144
15.35,316.8113196021253,172.639526164006,2.3513185030068335,3.2694141846391425,1.0,278.50184563275917,236.51213732874618,0.8577717595617615,0.7792539053120396,0.4607931615535773,0.08428121385224994,0.13735471354097153,-1.7944714853928276,-0.060674594667566556,-0.24103346866360026,-0.16538923729928523,0.3044378114874137,0.2895904138695338,0.3477489779932442
15.37,316.8113196021253,172.639526164006,2.3513185030068335,3.2694141846391425,1.0,278.4780560671301,236.63389997448365,0.856844291116184,0.7745068236068761,0.45755861867371894,0.07166212056245598,0.13581883091860386,-1.78817143161705,-0.06521154724138564,-0.21615431747824768,-0.06332245749752097,0.24911770680711312,0.2583083915868848,0.41670397050161156
15.39,316.8113196021253,172.639526164006,2.3513185030068335,3.2694141846391425,1.0,278.1992168159218,236.6525887438769,0.8459733651431494,0.7737782166129865,0.4702279817106721,0.08839096233494029,0.1608578336250795,-1.750729946691986,-0.26608480914937893,-0.24023957644202262,-0.11328317623851308,0.48701326449822424,0.48861377829457103,0.5719254793748022
15.41,316.8113196021253,172.639526164006,2.3513185030068335,3.2694141846391425,1.0,278.0781125709521,236.78552336300328,0.8412519520839038,0.7685955803897355,0.46967310222355985,0.08023577933277373,0.1642812639299716,-1.74200757915057,-0.21808090300645322,-0.26850351337553846,-0.04901630469343345,0.13840063858244922,0.3004414694216373,0.4600365241135098
15.43,316.8113196021253,172.639526164006,2.3513185030068335,3.2694141846391425,1.0,277.99597600101436,236.92033577043358,0.8380497466282407,0.7633397360454737,0.46966863900545985,0.0771290177637857,0.1616724700442321,-1.7344610583094884,-0.13799382949022354,-0.2613304547954971,-0.02080209505130968,-0.16929596960659538,0.07164973680093047,0.306873452700151
15.45,316.8113196021253,172.639526164006,2.3513185030068335,3.2694141846391425,1.0,277.9349410134737,237.04923121144756,0.8356702149502409,0.7583145726531157,0.4699592551648615,0.07806084908107785,0.15553197227819376,-1.7302186382991016,-0.11332229754799257,-0.2452481946317159,-0.00729156225996885,-0.34721969486796506,-0.07054987960348091,0.12984681128452283
15.47,316.8113196021253,172.639526164006,2.3513185030068335,3.2694141846391425,1.0,277.88132214824134,237.16934293462148,0.8335798108476155,0.7536318544007206,0.4702935955980414,0.08205886764391586,0.1467401543392925,-1.7283048355010118,-0.10404137474285363,-0.22680631236874613,-0.0016189214056213652,-0.5073233789874104,-0.1849785985214551,0.01923352483312901
15.49,316.8113196021253,172.639526164006,2.3513185030068335,3.2694141846391425,1.0,277.829501285551,237.28009778926452,0.8315595043099813,0.7493139263444628,0.47060980163046295,0.08866431965004978,0.13533112748474077,-1.7278291601256255,-0.10369163754380102,-0.20815014592944414,-0.0005302319032994239,-0.6605374808919977,-0.28465561835041003,-0.05284113370661847
15.51,316.8113196021253,172.639526164006,2.3513185030068335,3.2694141846391425,1.0,277.77612416881556,237.38132567304123,0.8294785251000222,0.7453674201543381,0.47087251141943776,0.09764085791544978,0.12128453659493647,-1.7283163357428268,-0.10870041287716534,-0.18920441789273512,-0.002164121808835129,-0.8119349384937827,-0.37677979434676095,-0.10285822595764407
15.53,316.8113196021253,172.639526164006,2.3513185030068335,3.2694141846391425,1.0,277.71912587917683,237.47273151062876,0.8272563695585512,0.7418038397415675,0.47105637849061255,0.10888035301747308,0.10455780653109546,-1.72953319114304,-0.11703274113511625,-0.1695176109266256,-0.0054915172971130854,-0.964520162936541,-0.46571174199839216,-0.1397776729681963
15.55,316.8113196021253,172.639526164006,2.3513185030068335,3.2694141846391425,1.0,277.65716364860646,237.5538276962299,0.8248406880548322,0.7386421950787566,0.47114078170557216,0.1223567905428963,0.08509482768313602,-1.7313870581588915,-0.12756350929896848,-0.1488319421364102,-0.010239211105071255,-1.1203856207055096,-0.5534693128702746,-0.1687462328571552
15.57,316.8113196021253,172.639526164006,2.3513185030068335,3.2694141846391425,1.0,277.6020707195215,237.6356241092429,0.8226928155758885,0.7354532511016404,0.4714916369712368,0.12524571387198208,0.07958459277029951,-1.735113708845358,-0.08529622064855592,-0.19707569694481689,-0.025487351373283118,0.002148124617718822,-0.0820896316797434,-0.1778973586649265
15.59,316.8113196021253,172.639526164006,2.3513185030068335,3.2694141846391425,1.0,277.5713141266772,237.75355462507144,0.8214937281355625,0.730855570172653,0.47191399924286237,0.12645681809068962,0.07638476984336814,-1.7358825722856854,-0.05618416254635685,-0.2464135008070796,0.01704321166026026,-0.18812949199911594,-0.037717954959215164,-0.023512957452460587
15.61,316.8113196021253,172.639526164006,2.3513185030068335,3.2694141846391425,1.0,277.54106480618964,237.8821923010609,0.8203144173953079,0.7258404560989904,0.4724999340996713,0.12801568191114318,0.07238942250510924,-1.7363420034463914,-0.060270728109015875,-0.2541685271346723,0.018998574282809218,-0.19036189853915797,-0.04281084790209966,-0.02870195216117421
15.63,316.8113196021253,172.639526164006,2.3513185030068335,3.2694141846391425,1.0,277.51039414006584,238.01295826246252,0.8191186799245957,0.7207423679351836,0.4730900870783087,0.129587274047127,0.06833867967110366,-1.7368367126016104,-0.060744502341790935,-0.2557349555594667,0.019253834170532776,-0.1910472749023247,-0.04436892207482915,-0.02832649632460459
15.65,316.8113196021253,172.639526164006,2.3513185030068335,3.2694141846391425,1.0,277.4788237423596,238.14283763408108,0.8178878651992052,0.7156788446752008,0.4736871852083522,0.1311742272841261,0.06423677712485851,-1.7373451655454557,-0.061057634248421595,-0.25127169893356416,0.019635978881983117,-0.20247546679552175,-0.05282508317571315,-0.03143452149990567
15.67,316.8113196021253,172.639526164006,2.3513185030068335,3.2694141846391425,1.0,277.4566240112017,238.27481124740618,0.817022378604354,0.7105336745650607,0.4730135895482807,0.12872585496887828,0.06007340058906049,-1.7379120449188081,-0.029273227347845918,-0.2607947517107458,-0.09899158070582974,-0.15535001104059998,0.33755675699195564,-0.018142853544367184
15.7,316.8113196021253,172.639526164006,2.3513185030068335,3.2694141846391425,1.0,277.4510743597557,238.4099365020091,0.8168060179241982,0.7052656334499384,0.4696788955472016,0.11805739464797224,0.05580499396176688,-1.7388438464913258,0.0042464536235556904,-0.2655588679794993,-0.2310594321374777,-0.08779450986808104,0.7415142989547232,-0.015232007094596267
15.72,316.8113196021253,172.639526164006,2.3513185030068335,3.2694141846391425,1.0,277.46251283967575,238.54733649877414,0.8172519625604586,0.6999089084298579,0.46369214032585265,0.09924166486266674,0.051503770702152694,-1.7401032308774014,0.03650936411148685,-0.2698575033942671,-0.364343224709767,-0.020157976958469423,1.141347297799588,-0.011715938846776209
15.74,316.8113196021253,172.639526164006,2.3513185030068335,3.2694141846391425,1.0,277.3782467478418,238.63952551690747,0.8139667348086458,0.6963147946624766,0.46706492176645853,0.09967540513462476,0.06437505510385279,-1.7286355142156586,0.03928649117448885,-0.24744238728871432,-0.06225290665970131,0.17165659939893185,0.23797397942690512,0.09593848532511817
15.76,316.8113196021253,172.639526164006,2.3513185030068335,3.2694141846391425,1.0,277.3056059806655,238.73645807235053,0.8111347360883234,0.6925357476666454,0.47297543410557674,0.10521000416235637,0.07149057567177257,-1.7163602071828274,0.0183290374734189,-0.25797929913531786,-0.035202781344204584,-0.014316113277034082,0.14907659360103298,0.08980762412540944
15.78,316.8113196021253,172.639526164006,2.3513185030068335,3.2694141846391425,1.0,277.2524295304729,238.8527626049507,0.8090615801353949,0.6880014578966583,0.4751918457853167,0.10468735592129245,0.0724214577561844,-1.711631870243553,-0.06510855796650396,-0.2540262543155271,-0.007422062517987167,-0.056658774676159374,0.09293035291972675,0.10870402925710158
15.8,316.8113196021253,172.639526164006,2.3513185030068335,3.2694141846391425,1.0,277.22269425720214,238.9856173787452,0.8079023102223046,0.6828219345518445,0.4755723637034447,0.10501349889163956,0.06860611240898322,-1.7109516688103052,-0.05786341908903643,-0.2591550856663245,0.0024025951732299117,-0.2495689078631102,-0.052689544484823714,-0.012172960878689165
15.82,316.8113196021253,172.639526164006,2.3513185030068335,3.2694141846391425,1.0,277.19238466583283,239.11482486448136,0.806720649740072,0.6777846056732422,0.4759670622843698,0.10805959174122828,0.06164040888373905,-1.7116917144486263,-0.06093868728080365,-0.24054752091640796,0.012919799394162296,-0.44180400507207185,-0.13934954627800775,-0.06444310814455823
15.84,316.8113196021253,172.639526164006,2.3513185030068335,3.2694141846391425,1.0,277.1566956678971,239.23132954592268,0.8053292658049555,0.673242512829524,0.47616001311193773,0.11351575481147771,0.05219557938301741,-1.7126347793668408,-0.07553962736112835,-0.22277145528124248,-0.005429989551071029,-0.5611051484489759,-0.2525482820072337,-0.08387800869223062
15.86,316.8113196021253,172.639526164006,2.3513185030068335,3.2694141846391425,1.0,277.1154598137488,239.3395232856851,0.8037216301656461,0.6690244333066239,0.4765932187565941,0.12081761723489359,0.038917908634537465,-1.7139019040131962,-0.08113477074446507,-0.20525246574422962,-0.00799465999461127,-0.7397467224326151,-0.35570838823023554,-0.08706646508274588
15.88,316.8113196021253,172.639526164006,2.3513185030068335,3.2694141846391425,1.0,277.06727738066,239.43555015224428,0.8018431727352829,0.6652806958189353,0.47697674468669365,0.1307782165379589,0.023023299411268,-1.7154618402323316,-0.09827587863900007,-0.17720787187708192,-0.0008419961451424027,-0.9116150275683201,-0.4223729550048042,-0.12210024235381514
15.9,316.8113196021253,172.639526164006,2.3513185030068335,3.2694141846391425,1.0,277.0152823279773,239.51903893019002,0.7998160751648061,0.6620257727021435,0.4773631763485565,0.13740708167223797,0.011260097470789614,-1.7182486200549996,-0.08835960276939371,-0.17194123078760373,0.003049417006641072,-0.18202059303174334,-0.025379106321164295,-0.18638864091212923
15.92,316.8113196021253,172.639526164006,2.3513185030068335,3.2694141846391425,1.0,276.989137426137,239.62642503225194,0.798796780746083,0.6578391800291635,0.4776756793570647,0.1378491297890479,0.008170874704806815,-1.7200295618527799,-0.03824557477502927,-0.23116428508034936,0.012649015910690217,-0.2145236384253619,-0.008117964039069654,-0.03313203163259375
15.94,316.8113196021253,172.639526164006,2.3513185030068335,3.2694141846391425,1.0,276.9651255597028,239.7464801047159,0.7978606456024486,0.6531586703814464,0.4782854215194569,0.1388462916798012,0.0034015385246151312,-1.7206176744221393,-0.04543459825713969,-0.24109188866577191,0.016812473307061745,-0.2205007328591427,-0.011858527877068608,-0.03553102924894621
15.96,316.8113196021253,172.639526164006,2.3513185030068335,3.2694141846391425,1.0,276.94244650189705,239.8708192908034,0.7969764718088528,0.6483111387601012,0.4785722660942885,0.13892887728720882,-0.0014352983720020006,-1.721246400368421,-0.03531811267947943,-0.24681543269944312,-0.03923055629684486,-0.1704454424865839,0.12259102777033523,-0.036131708955092386
15.98,316.8113196021253,172.639526164006,2.3513185030068335,3.2694141846391425,1.0,276.9402657658248,239.9980629405809,0.7968914528586664,0.6433503726869045,0.4766967729012903,0.13198463915054343,-0.006643627954813101,-1.7210390713888082,0.01752426890386025,-0.24631527723712696,-0.15405775944299654,-0.17804474635690287,0.5493753491774426,0.028418491259655308
16.0,316.8113196021253,172.639526164006,2.3513185030068335,3.2694141846391425,1.0,276.9615891274083,240.12351124148577,0.7977227729983736,0.6384596007218025,0.4723319818363018,0.11733593170245181,-0.011902214234576982,-1.7200203483160657,0.0598994544722596,-0.24350997845752198,-0.2808793294081737,-0.12300332844323124,0.9344115045355375,0.05432537696397423
16.02,316.8113196021253,172.639526164006,2.3513185030068335,3.2694141846391425,1.0,276.9969840997198,240.24174504173303,0.79910269394619,0.6338500958388679,0.4676321067718673,0.10030048245103208,-0.01352541644253905,-1.718642658838236,0.05486385087944016,-0.2077093036858394,-0.054729287219236054,0.33720084320600274,0.3893995868669126,-0.005920794282446927
16.04,316.8113196021253,172.639526164006,2.3513185030068335,3.2694141846391425,1.0,276.9190659964466,240.3358896430414,0.796064951128521,0.6301797410120297,0.4737153545865701,0.10247666835221332,-0.0006486056832925516,-1.7085658866898121,0.052917759387580345,-0.24213647777701172,-0.06710411760710508,0.1063734196093219,0.4194760042333819,0.182916390456817
16.06,316.8113196021253,172.639526164006,2.3513185030068335,3.2694141846391425,1.0,276.83243763966624,240.43103476269607,0.7926876272774352,0.6264703796219846,0.4810067072831922,0.1097183919001616,0.009116210647212273,-1.6982591308929347,-0.05941360893531754,-0.22852137677079726,-0.013810526004461015,0.12910879239269352,0.3274101250075028,0.21153923986444478
16.08,316.8113196021253,172.639526164006,2.3513185030068335,3.2694141846391425,1.0,276.81223095457574,240.55627702727492,0.791899842283656,0.6215876402621863,0.48177628261205657,0.10640190297272958,0.007943944257396172,-1.6966622561878042,-0.026906952213991264,-0.2505009221439516,0.019479851570148046,-0.12377302818041881,0.10804737550434422,-0.013217689487973382
16.1,316.8113196021253,172.639526164006,2.3513185030068335,3.2694141846391425,1.0,276.79678709733344,240.68012054365744,0.7912977425860991,0.6167594329958115,0.48242525042252915,0.10596644957867817,0.0032832634628116018,-1.6973243947586265,-0.034746962427973295,-0.23472441878569456,0.011611413729034334,-0.28038850713497654,0.003117921179362468,-0.03781458428622475
16.12,316.8113196021253,172.639526164006,2.3513185030068335,3.2694141846391425,1.0,276.7743630525063,240.7938015418235,0.7904235108189603,0.6123274252700391,0.4830118215732824,0.10791574401995248,-0.004105520431372717,-1.698088565932327,-0.04728240642241837,-0.2154101885650564,0.007104200306240418,-0.4307398840773139,-0.09932069686773645,-0.0493094099433236
16.14,316.8113196021253,172.639526164006,2.3513185030068335,3.2694141846391425,1.0,276.74548748511876,240.89759137245366,0.789297757704436,0.6082810381109677,0.48350757486684914,0.11230172681280566,-0.014236667697812786,-1.699130629703483,-0.059867485969412604,-0.1960454009757111,0.0026194383596672977,-0.5830025794047924,-0.20315369401120323,-0.06175896862407058
16.16,316.8113196021253,172.639526164006,2.3513185030068335,3.2694141846391425,1.0,276.71004022502063,240.99142084555453,0.7879157982464203,0.6046229689842284,0.4839087059246965,0.11917116863405082,-0.0271435652902203,-1.7005172756430815,-0.07278470697914614,-0.1764844762203528,-0.0019764323937267805,-0.7378737521226487,-0.30873434771116814,-0.07413886915062934
16.18,316.8113196021253,172.639526164006,2.3513185030068335,3.2694141846391425,1.0,276.6678603993292,241.07518253980072,0.786271360597631,0.6013574058557231,0.4842101727955363,0.1285911338881107,-0.04287623772306901,-1.702337952451749,-0.08609466856218886,-0.1566507740398482,-0.006789789114984575,-0.8963484294043546,-0.4167299827591814,-0.0866304436405187
16.2,316.8113196021253,172.639526164006,2.3513185030068335,3.2694141846391425,1.0,276.61876410317046,241.14872399928012,0.7843572749774056,0.5984902924257265,0.484404485915506,0.14065342376610732,-0.061497860528777024,-1.7047127007178329,-0.09984527656067266,-0.1364464416207783,-0.011942189772522427,-1.059404847449279,-0.5278208390872511,-0.09943773400070924
16.22,316.8113196021253,172.639526164006,2.3513185030068335,3.2694141846391425,1.0,276.569246180116,241.22141742622037,0.7824267516614409,0.5956562406931639,0.4846002258074473,0.1420496474213071,-0.06694623732099335,-1.7081101135674186,-0.06286660860745558,-0.1750560667664156,-0.014253112473643949,-0.16921450093709867,-0.011428722666820462,-0.12623723340905932
16.24,316.8113196021253,172.639526164006,2.3513185030068335,3.2694141846391425,1.0,276.55468687544993,241.32561185835718,0.7818591374444422,0.5915940795962112,0.485142032467277,0.14214824042020338,-0.07153529023779626,-1.7089723944927318,-0.03045453397251373,-0.2194939103835724,0.009626601452598867,-0.22988652080690736,0.025411553660734866,-0.040292262911197065
16.26,316.8113196021253,172.639526164006,2.3513185030068335,3.2694141846391425,1.0,276.5358280089589,241.43947725465853,0.781123898984752,0.5871548828593154,0.4857610184122275,0.1425911527455242,-0.07688409270518821,-1.7096722881302568,-0.034319299735564,-0.2280277663549684,0.013796998519190529,-0.240275798412473,0.01928609159203462,-0.040243555657996345
16.28,316.8113196021253,172.639526164006,2.3513185030068335,3.2694141846391425,1.0,276.51689201942975,241.55602288314364,0.7803856537789364,0.5826111936396233,0.4863863027013725,0.14305409521653822,-0.08235646624252906,-1.7104174643053636,-0.03571370413937401,-0.2298183975156289,0.015098727957139579,-0.24129888343689607,0.018936198140130537,-0.03847612163207173
16.3,316.8113196021253,172.639526164006,2.3513185030068335,3.2694141846391425,1.0,276.49810634287087,241.67335725786435,0.7796532687279086,0.5780367540793635,0.48701078779576606,0.14351739844560005,-0.08784548356853135,-1.7111979582214845,-0.03592107222531538,-0.23035340923011732,0.015475897674422378,-0.24058729923866146,0.01901825309064834,-0.03886330065577548
16.32,316.8113196021253,172.639526164006,2.3513185030068335,3.2694141846391425,1.0,276.481166384264,241.79108305805667,0.7789928414917722,0.5734470542667965,0.48764835102188087,0.14334727873638406,-0.09253691659723445,-1.7118560463378696,-0.033181869649554774,-0.23164288891500096,0.015921815689754308,-0.1952771896433922,0.04767308629415106,-0.03256406373164497
16.34,316.8113196021253,172.639526164006,2.3513185030068335,3.2694141846391425,1.0,276.46449166023183,241.90993992528865,0.7783427547848668,0.5688132582733458,0.4882890399785068,0.14311144426750824,-0.09718011553210429,-1.712532721290329,-0.033793536630095405,-0.23226470405683614,0.01620425087785046,-0.19585167613287952,0.047541351644621116,-0.03199154346914647
16.36,316.8113196021253,172.639526164006,2.3513185030068335,3.2694141846391425,1.0,276.44478271744,242.0261124213766,0.7775743749489258,0.5642841161256684,0.4888794838667408,0.14255540370707395,-0.10158441969530511,-1.7127307089737143,-0.034132943637617034,-0.2253568495814705,0.01123863595079163,-0.23880322161618028,0.011332544015202315,-0.04551319005226023
16.38,316.8113196021253,172.639526164006,2.3513185030068335,3.2694141846391425,1.0,276.42736339849745,242.13920584111025,0.7768952592006796,0.5598750159411202,0.4895409802744114,0.1426474287714548,-0.10635547975442804,-1.7133087502474844,-0.03312554161225824,-0.22345072420320372,0.014303303851810606,-0.1927773924749724,0.042643513047204804,-0.0297244432255259
16.4,316.8113196021253,172.639526164006,2.3513185030068335,3.2694141846391425,1.0,276.4110687548571,242.2546733363123,0.7762599904427736,0.555373359208098,0.4901829783212834,0.14248693063058324,-0.11085560248045835,-1.713973290136936,-0.0319864362634996,-0.22666725052452594,0.015154196057471585,-0.19298045946315154,0.04109038619292666,-0.03694768597046039
16.42,316.8113196021253,172.639526164006,2.3513185030068335,3.2694141846391425,1.0,276.39483779326895,242.37077350200582,0.7756272044159427,0.5508470369588372,0.4908231584450795,0.1423187874949613,-0.11536491368535905,-1.7146559712979808,-0.030937491712927073,-0.2272481757593414,0.01517522404498392,-0.1909841121860173,0.040679762946295744,-0.040978632212970566
16.44,316.8113196021253,172.639526164006,2.3513185030068335,3.2694141846391425,1.0,276.383540317983,242.48699240981534,0.7751867570363724,0.5463160853873167,0.49057134365075883,0.13936629180425586,-0.12033634342690717,-1.7146074691951336,-0.012239675643240158,-0.22507280908186877,-0.08250719141954845,-0.23044006828126254,0.3434673174009659,0.015933154799643842
16.46,316.8113196021253,172.639526164006,2.3513185030068335,3.2694141846391425,1.0,276.34854322056293,242.5898645655028,0.7738223477802308,0.5423054750291295,0.49174156340668085,0.14094570555464295,-0.12455257681437222,-1.7137363770591747,-0.027925760880777143,-0.20573773028177333,-0.004160964733073119,-0.3564679677084727,-0.05699641171323495,-0.045977930452025445
16.48,316.8113196021253,172.639526164006,2.3513185030068335,3.2694141846391425,1.0,276.3215071801605,242.69000469303268,0.7727683111173698,0.5384013764899538,0.49245195508528994,0.1449631094638621,-0.13325771783350843,-1.714822959322051,-0.05281714416605948,-0.19296303810070795,0.0046925036522670605,-0.5200703000988706,-0.18490280902307454,-0.06080046166537456
16.5,316.8113196021253,172.639526164006,2.3513185030068335,3.2694141846391425,1.0,276.28916725944725,242.78301819976042,0.7715074954950205,0.534775118917722,0.49284664347553664,0.15150494357157668,-0.1452489498064898,-1.716783861881423,-0.06657096109342805,-0.17499763203280547,-0.0010841315349736716,-0.6999213920550975,-0.2968849678796237,-0.07268660471692388
16.52,316.8113196021253,172.639526164006,2.3513185030068335,3.2694141846391425,1.0,276.287269179159,242.890163504441,0.7714334962635088,0.5305979140568808,0.49496576319030705,0.15496938162709187,-0.14712330896538503,-1.722931377645503,-0.07690820040029266,-0.16040581531733578,-0.024970675845183248,-0.5125300399321104,-0.2271255959449331,-0.0690760979662951
16.54,316.8113196021253,172.639526164006,2.3513185030068335,3.2694141846391425,1.0,276.29025114214875,243.00032234419618,0.7715497521305552,0.5263032224484916,0.4953959998596683,0.14787522735470418,-0.1407291370432778,-1.7267100944019098,-0.013536108035629947,-0.1847267921009925,-0.10161244648495998,-0.20412018527285847,0.30839279060119074,-0.020897435842825066
16.56,316.8113196021253,172.639526164006,2.3513185030068335,3.2694141846391425,1.0,276.28897289541004,243.0994997967877,0.7714999179497093,0.5224366550959966,0.4943548823489962,0.14283002349504634,-0.14453857375863893,-1.7263230617965923,-0.019894826366991122,-0.19876195507670322,0.003606350253797449,-0.17005830061729152,0.009978685903482894,-0.09837319585826645
16.58,316.8113196021253,172.639526164006,2.3513185030068335,3.2694141846391425,1.0,276.27172259477203,243.20252014023797,0.7708273916090455,0.5184202674371176,0.494905440415017,0.14346141774821725,-0.1495493405518062,-1.7272327630937487,-0.03442481977939562,-0.2089016722740202,0.006567292497160645,-0.21412161754151282,0.023996061522277425,-0.028974444635536077
16.6,316.8113196021253,172.639526164006,2.3513185030068335,3.2694141846391425,1.0,276.25057295121496,243.30937784644107,0.7700028441019479,0.5142542749925515,0.4954882338399622,0.14397281894854785,-0.154775877534708,-1.7275678094748248,-0.03999564360323096,-0.21217872201851398,0.01010341098901757,-0.22516759096326525,0.01994326905021008,-0.023604507568811134
16.62,316.8113196021253,172.639526164006,2.3513185030068335,3.2694141846391425,1.0,276.2297229994729,243.41868916300305,0.7691899804862745,0.5099926252240528,0.4960727219458498,0.1445079938075758,-0.16009299068352917,-1.7280186647725468,-0.042301072224690525,-0.21404882279104992,0.011982104115735201,-0.23100300488054365,0.015131740358447894,-0.025497069675187778
16.64,316.8113196021253,172.639526164006,2.3513185030068335,3.2694141846391425,1.0,276.2100079279311,243.52721963749707,0.7684213617127132,0.5057614176414393,0.4967225355136234,0.14502872825684957,-0.16559788426016103,-1.7286421286461937,-0.042721178041922256,-0.20767164024228127,0.022481987210398187,-0.2631771218144107,0.017879942041134286,-0.044555496323414705
16.66,316.8113196021253,172.639526164006,2.3513185030068335,3.2694141846391425,1.0,276.1900867010211,243.63263394091487,0.7676447056928289,0.5016516982099464,0.4974146794595874,0.14553584205582132,-0.171187394150821,-1.729545801332012,-0.04424700048314657,-0.20279247517408827,0.01745182782494609,-0.2450233829310613,0.013055021114659778,-0.040289871810796775
16.68,316.8113196021253,172.639526164006,2.3513185030068335,3.2694141846391425,1.0,276.168270371367,243.73594178996288,0.7667941665250299,0.49762410175583455,0.497580373506684,0.14573018718985511,-0.1745058407903869,-1.7301347730227012,-0.049472749865067875,-0.19699483564352654,-0.04426348448177458,0.03681128007276548,-0.0008377313244485787,-0.0023050134582720794
16.7,316.8113196021253,172.639526164006,2.3513185030068335,3.2694141846391425,1.0,276.1749521480079,243.82664820692509,0.7670546646396832,0.49408778920370006,0.49832749002098314,0.1449520501824478,-0.178686791604069,-1.7264451935231029,-0.007098076803368512,-0.17487293603171755,-0.018311196969393755,-0.10145586992129241,0.026792400495159227,0.06974404404942086
16.72,316.8113196021253,172.639526164006,2.3513185030068335,3.2694141846391425,1.0,276.17899621838654,243.9111697896438,0.767212328202206,0.4907926007936144,0.4994854446457201,0.1458469703953358,-0.185445816497206,-1.7244373436087945,-0.014599145303133554,-0.16913735243798672,0.01666345462992394,-0.1661880075528731,0.039471528461593984,0.008572531707930299
16.74,316.8113196021253,172.639526164006,2.3513185030068335,3.2694141846391425,1.0,276.1620328317657,243.99838266328774,0.7665509875932041,0.487392488760712,0.5000727089571892,0.14566440619803928,-0.18938476361003076,-1.724887707181403,-0.035229938022789356,-0.17528184931926227,0.008699336180886138,-0.19091257016528088,0.012573938690063314,-0.06126984520173186
16.76,316.8113196021253,172.639526164006,2.3513185030068335,3.2694141846391425,1.0,276.14225939360665,244.08844262012326,0.7657800933179986,0.4838813793324265,0.5007106057916556,0.14555965920931202,-0.1935602070091999,-1.725315909713963,-0.049469746421679714,-0.18272405531387984,0.007764435913643231,-0.14194490357397477,0.05120067754149359,-0.054242542551883245
16.78,316.8113196021253,172.639526164006,2.3513185030068335,3.2694141846391425,1.0,276.119652938692,244.18134847418554,0.7648987500464709,0.4802593187452027,0.5009681361415914,0.14520631783885057,-0.19653803574843773,-1.7256279695277537,-0.05591202457366641,-0.18173996451979027,-0.039273160999233475,0.04622384019324585,0.03113601614277348,-0.022387116459246736
16.8,316.8113196021253,172.639526164006,2.3513185030068335,3.2694141846391425,1.0,276.08801477952375,244.27290964242775,0.763665293548684,0.47668968255642297,0.49893432647532143,0.14414184880498446,-0.19099133384467584,-1.7254029421596373,-0.06700701198555364,-0.17582791267998482,-0.157995560178186,0.4946053781692046,-0.010864421487732714,0.021191600033563088
16.82,316.8113196021253,172.639526164006,2.3513185030068335,3.2694141846391425,1.0,276.19036174304574,244.32463729817013,0.7676554285787831,0.47467300981792965,0.5026764549193217,0.14672594054827817,-0.20593657562212614,-1.7095810490519023,0.015752175167358506,-0.14381602648403244,0.005031952599492882,-0.08981352262771664,0.03849473150515349,0.1314607241531166
16.84,316.8113196021253,172.639526164006,2.3513185030068335,3.2694141846391425,1.0,276.19737572846157,244.39740499318688,0.7679288783025946,0.47183606264378614,0.5034697683050823,0.14701738207780873,-0.21007025406199953,-1.7086334304880297,-0.0017785460992003398,-0.14387385296828664,0.015945803968985886,-0.141980246975544,-0.0003142545610944937,-0.027451463979001466
16.86,316.8113196021253,172.639526164006,2.3513185030068335,3.2694141846391425,1.0,276.1926384748354,244.47426810288977,0.7677441900520623,0.46883945017973566,0.5040150654597951,0.14710965114928237,-0.21334291168053832,-1.7097759387230045,-0.014376542516166102,-0.15387081130113872,0.013050713283130212,-0.149997085892012,-0.004398661816716162,-0.07358955635651687
16.88,316.8113196021253,172.639526164006,2.3513185030068335,3.2694141846391425,1.0,276.1841679705794,244.55675775251441,0.7674139559680073,0.46562347943413523,0.504575602556738,0.14711911989721702,-0.21682262303756084,-1.7111406350386307,-0.02501073089204135,-0.16762109151294993,0.012757683649292056,-0.1297534976087352,0.02431401361066269,-0.08416937699357016
16.9,316.8113196021253,172.639526164006,2.3513185030068335,3.2694141846391425,1.0,276.1753708286903,244.64558216820916,0.7670709874733057,0.4621605392511057,0.5040227139104279,0.14313288852546768,-0.22114772877301017,-1.7104397980158914,-0.027951839923478147,-0.1823390957744269,-0.10761229382470394,-0.13088652845396487,0.4499478658147547,0.01401040355262649
16.92,316.8113196021253,172.639526164006,2.3513185030068335,3.2694141846391425,1.0,276.1720471712787,244.73877261197427,0.7669414101863032,0.4585273835487609,0.5005599704295977,0.12949554985522302,-0.22634362212361536,-1.7057371173577198,-0.0123716367123885,-0.18732047699531854,-0.25265501123377493,-0.10083302524505142,0.8856884613084278,0.05553065287478791
16.94,316.8113196021253,172.639526164006,2.3513185030068335,3.2694141846391425,1.0,276.1817354184713,244.83198697680035,0.7673191196285108,0.454893295251448,0.4943148218695706,0.1069799331550842,-0.23155771578887352,-1.6982957073092468,0.010396525999647896,-0.18758730970590348,-0.3940526203041854,-0.04493804529062805,1.3013668488552674,0.07397532017243111
16.96,316.8113196021253,172.639526164006,2.3513185030068335,3.2694141846391425,1.0,276.19734870079674,244.9335836446273,0.7679278245924643,0.45093241151550373,0.49344440547823615,0.09685622280188319,-0.22931485050381245,-1.6977774399940428,0.027698755323837827,-0.22577569805233733,-0.0263461409775817,0.19768259326421544,0.30437529239421296,-0.25127647621602944
16.98,316.8113196021253,172.639526164006,2.3513185030068335,3.2694141846391425,1.0,276.1970792344606,245.0224513672517,0.7679173190822844,0.4474677829531512,0.49552707480782393,0.09548159013693074,-0.22563959723542812,-1.6927011072870704,0.030123724598981758,-0.23321031995167293,-0.09676166374120725,0.06351178326105741,0.3800556690954708,-0.13557536205168064
17.0,316.8113196021253,172.639526164006,2.3513185030068335,3.2694141846391425,1.0,276.22034752227165,245.11172113817062,0.7688244648059135,0.44398747999334853,0.49591960414479086,0.09350677332808972,-0.2280251846476787,-1.6846458952342322,0.053881275770138584,-0.23932052701494633,-0.205220586611927,-0.11579499686774244,0.3755275170439859,-0.0773374597501563
17.02,316.8113196021253,172.639526164006,2.3513185030068335,3.2694141846391425,1.0,276.2202527870541,245.1945469986667,0.7688207714251115,0.4407584016114351,0.49468833972772874,0.11577342148550616,-0.21291440429961006,-1.6761568310288946,0.0677230273842294,-0.24279247697069184,-0.3161053661751254,0.13067680982398486,-0.2657441808324074,0.002072351189082142
17.04,316.8113196021253,172.639526164006,2.3513185030068335,3.2694141846391425,1.0,276.55157137169346,245.21184771191972,0.7817376753096843,0.4400839098666774,0.49798989627314616,0.12063266359778178,-0.23493253095803382,-1.6281418978222555,0.10995071447288293,-0.25537484469486593,-0.38561241059447576,0.7845458020294421,0.7394431667766143,0.7162905637961396
17.06,316.8113196021253,172.639526164006,2.3513185030068335,3.2694141846391425,1.0,276.6135780973575,245.26889660579175,0.7841550915149136,0.4378597814506142,0.5094749073226564,0.13315215729481814,-0.2338176230737531,-1.5898616655889204,0.0038609894848077343,-0.3520197380656778,-0.03135975425335376,0.379439813832908,0.5583175440074237,0.25666933805928116
17.08,316.8113196021253,172.639526164006,2.3513185030068335,3.2694141846391425,1.0,276.6634839900744,245.42791880326274,0.7861007403537785,0.431660085642778,0.5112848827691601,0.126855895893496,-0.23517994138182535,-1.5821408569977398,0.021508570366179047,-0.3236160473664241,0.04564095151708441,0.0729626706158874,0.3300570601959699,-0.07178018282614113
17.1,316.8113196021253,172.639526164006,2.3513185030068335,3.2694141846391425,1.0,276.67980839176124,245.57845132785437,0.7867371692694456,0.42579137123374716,0.5125351849239396,0.1225350469322624,-0.23636213188052654,-1.5818894395360132,0.01785478782110783,-0.28108589733721906,0.04188867222527516,-0.09832588762434313,0.1677359592811745,-0.06491466597541425
17.12,316.8113196021253,172.639526164006,2.3513185030068335,3.2694141846391425,1.0,276.6935053529023,245.7182580954952,0.7872711638558407,0.42034081499044157,0.5120554578587021,0.11712722080534162,-0.24158782906129847,-1.581430652745144,0.028466211707712234,-0.2715220266850227,-0.10725616143054317,-0.3677338510998225,0.3811365056156067,-0.05594462118312242
17.14,316.8113196021253,172.639526164006,2.3513185030068335,3.2694141846391425,1.0,276.71593711075985,245.85291307047208,0.7881456963259201,0.4150911083636616,0.508279851849814,0.10676276605658742,-0.25254882854969163,-1.5796229565285438,0.04638285779046508,-0.2594983641650889,-0.2712574248239545,-0.6482270859486091,0.6123304266426739,-0.054498282491593886
17.16,316.8113196021253,172.639526164006,2.3513185030068335,3.2694141846391425,1.0,276.7141179960038,245.96238800328126,0.7880747756726623,0.410823079794103,0.5047440820735687,0.10320550856734513,-0.26211344794736385,-1.5724813051882454,0.09913528520688539,-0.2442425526817335,-0.25580793926191675,-0.6981519709649264,0.038946232003866044,-0.09945656138734815
17.18,316.8113196021253,172.639526164006,2.3513185030068335,3.2694141846391425,1.0,276.76327705493327,246.04487608281613,0.7899913081845331,0.40760717026057935,0.5036241608575207,0.10255532927905264,-0.276146522511293,-1.5614396846568033,0.0897297850023547,-0.23316577548162956,-0.27185553787240635,-0.3254226431735355,0.7406484289460303,-0.10418010527584293
17.2,316.8113196021253,172.639526164006,2.3513185030068335,3.2694141846391425,1.0,276.8078403042771,246.12820809064013,0.7917286668334127,0.40435835903937006,0.5036236004579182,0.09685854303125116,-0.276682286709494,-1.5494921793882486,0.08519060321579949,-0.23600254207803872,-0.21738623602489296,-0.08366577336116765,0.8466525955397989,-0.030823790560965125
17.22,316.8113196021253,172.639526164006,2.3513185030068335,3.2694141846391425,1.0,276.8570383247299,246.21086305924362,0.7936467183130576,0.4011359431094109,0.5038344518054163,0.09260726777119087,-0.2780790634810361,-1.534523927906059,0.09475533771466865,-0.23552163433685155,-0.2451607982931403,-0.2693952157835424,0.8098773564332968,0.0700171796800361
17.24,316.8113196021253,172.639526164006,2.3513185030068335,3.2694141846391425,1.0,276.88892443340234,246.29952676593373,0.7948898414581802,0.39767926838465034,0.5045121807357719,0.09106157971711284,-0.2786908296168332,-1.521668170457344,0.07987450089089214,-0.2366814537111217,-0.1720226914113639,-0.22817468026024462,0.592844256703727,0.08461101226377668
17.26,316.8113196021253,172.639526164006,2.3513185030068335,3.2694141846391425,1.0,276.91535192245004,246.38896458316322,0.7959201529220294,0.39419241391176557,0.5046878892475605,0.08917318624169446,-0.28157679461264357,-1.508157835774052,0.07524857407116416,-0.23253041331096896,-0.2504918247338419,-0.4345360855758353,0.6428563340845163,0.12728215949940566
17.28,316.8113196021253,172.639526164006,2.3513185030068335,3.2694141846391425,1.0,276.9382713292291,246.4746924300098,0.7968136970459685,0.3908501976604359,0.5054288878732695,0.09066898500858983,-0.2854214563965464,-1.4949808333955745,0.05842040655318574,-0.22786903475317297,-0.1316506262603492,-0.3383642445745816,0.3658662177160611,0.14107034814617447
17.3,316.8113196021253,172.639526164006,2.3513185030068335,3.2694141846391425,1.0,276.9480631287346,246.5614952233283,0.7971954436153823,0.3874660731645889,0.5059447030749478,0.09217155287044587,-0.2897955300360418,-1.4820152381095943,0.0567273896336488,-0.22056595524740846,-0.17470094272708367,-0.4933194259520475,0.34853625858524817,0.10016913264760752
17.32,316.8113196021253,172.639526164006,2.3513185030068335,3.2694141846391425,1.0,276.97603523820567,246.63942145170742,0.7982859741990505,0.3844280135786575,0.5062106828194456,0.08981911089512251,-0.2909901785657296,-1.469384672608914,0.09601504264054592,-0.21107188949147918,-0.19912526744196013,-0.17824500969872215,0.7411993791922327,0.001554370279665207
17.35,316.8113196021253,172.639526164006,2.3513185030068335,3.2694141846391425,1.0,277.0133417928543,246.71699136047442,0.7997404207740467,0.3814038455955389,0.5062893367739543,0.0863635003249275,-0.2904896247154754,-1.455266924690201,0.10787326963972368,-0.21580235457138439,-0.11541363908003846,-0.1416888805424792,0.4378239530575512,0.03906676204205051
17.37,316.8113196021253,172.639526164006,2.3513185030068335,3.2694141846391425,1.0,277.04333766770316,246.8011449849798,0.8009098505927148,0.3781230025349005,0.5066949404721263,0.0834784804322727,-0.291472937153486,-1.4424396462354607,0.09516883058472685,-0.2176278204449932,-0.1991933283654426,-0.3522576484399883,0.5204243885954217,0.08763714605658718
17.39,316.8113196021253,172.639526164006,2.3513185030068335,3.2694141846391425,1.0,277.1057708641568,246.86417225331732,0.8033438933394446,0.37566579909094283,0.5057686280326831,0.08124787171116826,-0.2948801636123348,-1.423926919909776,0.12292632611073492,-0.19252368713293713,-0.2707132258309574,-0.16049924806694205,0.8748585237856832,0.20461524949480825
17.42,316.8113196021253,172.639526164006,2.3513185030068335,3.2694141846391425,1.0,277.2080931246125,246.94740148129154,0.8073330652870361,0.37242099488142233,0.502396637470126,0.06345338296485419,-0.2942841762866935,-1.4126441852581761,0.17108071602663136,-0.22043041857090645,-0.04354853589350235,0.24783939573027092,0.5741124906164645,0.1303013187882141
17.44,316.8113196021253,172.639526164006,2.3513185030068335,3.2694141846391425,1.0,277.281716358299,247.03719997026457,0.8102033667952808,0.36892007913198577,0.5062197788207634,0.06518797184971732,-0.28424546745334495,-1.395203810876631,0.12236411654568309,-0.2607236026995159,-0.13531300355595227,0.05154915854477302,0.8946886328157154,0.22519358634384373
17.47,316.8113196021253,172.639526164006,2.3513185030068335,3.2694141846391425,1.0,277.30632078543795,247.15531182031853,0.81116260372078,0.36431532864255345,0.5058711121287759,0.05891340757332701,-0.27318660522162613,-1.381741563447089,0.10283781792206656,-0.2562080834418405,-0.24729338446854005,0.004063919344262036,0.8751712506748456,0.20158489871682875
17.49,316.8113196021253,172.639526164006,2.3513185030068335,3.2694141846391425,1.0,277.2393743330841,247.23480013817735,0.8085526055783251,0.36121636888197367,0.5166559913846571,0.06908408397495555,-0.2610598465066902,-1.3569153005531371,-0.07019898812589505,-0.29191746869436025,-0.026127632245840984,0.11313993625571458,0.7154490392646522,0.5226053861553213
17.51,316.8113196021253,172.639526164006,2.3513185030068335,3.2694141846391425,1.0,277.2386459261175,247.3848542562121,0.8085242076459067,0.3553663058006993,0.5175504960931304,0.06127171477132333,-0.2607109604006466,-1.3485578355906245,0.027252402165027338,-0.30227572172974154,0.014446057563222606,-0.10939787027962394,0.2194119968524108,0.1459715555977783
17.53,316.8113196021253,172.639526164006,2.3513185030068335,3.2694141846391425,1.0,277.2677954827097,247.52964559622518,0.8096606426007663,0.34972141925048095,0.5183066871736921,0.05966823275601389,-0.2651821067106045,-1.3471053182456012,0.061508872704417156,-0.27005363981183006,0.021861018899958562,-0.2710796637127696,-0.08487977574233764,-0.021608961198472092
17.55,316.8113196021253,172.639526164006,2.3513185030068335,3.2694141846391425,1.0,277.29363391276775,247.65897674925378,0.8106679888018611,0.3446792690349396,0.5189571596094058,0.06159189137616666,-0.2726082754164148,-1.3476005914776192,0.04118548315532586,-0.2431691755393838,0.015571265797237357,-0.37968339134500395,-0.23248278223148058,0.010161311787327591
17.57,316.8113196021253,172.639526164006,2.3513185030068335,3.2694141846391425,1.0,277.3077607980438,247.77804850023054,0.8112187445631088,0.3400370955075806,0.5195407266943597,0.06603605984998855,-0.28270091981581413,-1.3483607549564736,0.01969454378680696,-0.2259584755412948,0.012992524690755455,-0.48861678291421007,-0.38029253727306883,0.027240235789900837
17.59,316.8113196021253,172.639526164006,2.3513185030068335,3.2694141846391425,1.0,277.31156962409193,247.88854267369,0.8113672368067048,0.335729330460427,0.5200618814793355,0.07308232351914866,-0.29561617716337957,-1.3494688042794003,-0.0011955606358292452,-0.2100016783736217,0.010354150515721819,-0.6005748273119971,-0.5307238118081301,0.04660534832335722
17.62,316.8113196021253,172.639526164006,2.3513185030068335,3.2694141846391425,1.0,277.31124347142304,247.98681416770137,0.8113545213030433,0.3318980831305509,0.5206765106626936,0.07612563788877795,-0.30380408629001393,-1.3517531656845565,0.027802260416718762,-0.1929213387562944,0.018552536679360153,-0.1555860619921008,0.044560205250333995,-0.12679877045793272
17.64,316.8113196021253,172.639526164006,2.3513185030068335,3.2694141846391425,1.0,277.3422599611267,248.09787582867165,0.8125637411745298,0.32756819381397084,0.5212690726583951,0.07405281897929854,-0.3056000420022193,-1.352190503215173,0.06801659578301852,-0.2390813552808185,0.02859153791139231,-0.10860581108221408,0.08064767388696932,-0.038868424427233775
17.66,316.8113196021253,172.639526164006,2.3513185030068335,3.2694141846391425,1.0,277.3781735429611,248.22369263986258,0.8139638808171958,0.3226630549761185,0.522076387569154,0.07222838010237384,-0.3076664909604688,-1.3522886476147395,0.06786099023017353,-0.2506342931453646,0.038608785870592896,-0.10958534214090046,0.05051897987693056,-0.03844323721446191
17.69,316.8113196021253,172.639526164006,2.3513185030068335,3.2694141846391425,1.0,277.41400907426043,248.35150410542795,0.8153609775540124,0.31768015183516723,0.5228483336375521,0.07016090198127063,-0.3099396299722822,-1.352359380660165,0.08280647445006123,-0.2502992831665194,-0.0036316142369538437,-0.1558004360020616,0.18025651412713675,-0.05070874753617633
17.71,316.8113196021253,172.639526164006,2.3513185030068335,3.2694141846391425,1.0,277.46887657758754,248.47969667336653,0.8175000615043885,0.31268239090188893,0.5214929568774426,0.06140565451091975,-0.3118951326508245,-1.3512765395834767,0.12481587206599853,-0.25290716210780084,-0.12977804440421384,-0.23133688215398454,0.5572996860402736,-0.0983143501870006
17.74,316.8113196021253,172.639526164006,2.3513185030068335,3.2694141846391425,1.0,277.4847930887053,248.58959202013546,0.8181205882536191,0.30839797192454427,0.524319773388233,0.0617129511007338,-0.30785780015564057,-1.3453191513174683,0.04060518698377556,-0.26246022313136147,0.02753783886204724,-0.018886125059703544,0.2281524410047584,0.01710304606513677
17.76,316.8113196021253,172.639526164006,2.3513185030068335,3.2694141846391425,1.0,277.51760271620725,248.72028110019087,0.8193997160314723,0.30330288108417713,0.5253502740835074,0.06007133029472556,-0.3101987550593535,-1.344951485814725,0.062377132812687655,-0.25350948797245937,0.034190219522851194,-0.17483263343768884,-0.02683623907939902,-0.03116067204905698
17.79,316.8113196021253,172.639526164006,2.3513185030068335,3.2694141846391425,1.0,277.5444223179119,248.8451109433195,0.820445314538475,0.29843622053335234,0.5261436499542806,0.06086658623609544,-0.31560363095070626,-1.3452425568884936,0.04829417271103755,-0.24196327519147828,-0.0006651749035803557,-0.34544119684003705,-0.09017824663955626,0.00027496864856518853
17.82,316.8113196021253,172.639526164006,2.3513185030068335,3.2694141846391425,1.0,277.5849714580591,248.96368682394626,0.8220261777021085,0.29381337918338185,0.5251238637042772,0.054593468401653675,-0.31911240909415917,-1.3454902641027693,0.11456672981504816,-0.23295488619621751,-0.09814309036031638,-0.19232120816393325,0.4438295511590868,-0.11420716641233636
17.85,316.8113196021253,172.639526164006,2.3513185030068335,3.2694141846391425,1.0,277.63595626592013,249.073070418238,0.8240138895095563,0.2895489115696698,0.5255985235695886,0.05172260145264807,-0.31592177649002295,-1.341381589415884,0.10759920169179492,-0.23006210781501676,-0.07671056981499236,-0.053880284484010055,0.37854762153395716,0.05718805543435024
17.88,316.8113196021253,172.639526164006,2.3513185030068335,3.2694141846391425,1.0,277.6602205062261,249.1913688056303,0.8249598637904909,0.2849368886693841,0.5245323951041818,0.05484607599471503,-0.3054062864459823,-1.335508435055727,0.06343398875274306,-0.2763572945478969,-0.14567135472756312,0.532451560148949,0.25509757113181397,0.050853074949104266
17.91,316.8113196021253,172.639526164006,2.3513185030068335,3.2694141846391425,1.0,277.73249048963567,249.3411380821299,0.8277774070033401,0.2790979305212514,0.5223174943929706,0.0419425488798143,-0.30366760969459083,-1.329557663676947,0.11110857776997697,-0.341034791612683,-0.20703341972147268,0.19680272879516636,0.5687504332912248,0.020618154585451798
17.94,316.8113196021253,172.639526164006,2.3513185030068335,3.2694141846391425,1.0,277.8744629717911,249.45783471974485,0.8333123965610569,0.27454835400604943,0.5193939075915317,0.01866049084891166,-0.3144667643693955,-1.3145795078225366,0.2511975715325609,-0.21990112988713054,-0.27352559135317517,-0.13077998702773255,0.9141279131567964,0.11561662066725895
17.97,316.8113196021253,172.639526164006,2.3513185030068335,3.2694141846391425,1.0,278.0079379081783,249.57517957469162,0.8385160977847294,0.26997350585997637,0.5124444814590651,-0.005409293230608707,-0.3123487370072148,-1.306726636151047,0.26887354157856924,-0.24011127249823502,-0.4139598497826674,-0.25709040915800213,1.3230093691659208,-0.044757199959314056
18.01,316.8113196021253,172.639526164006,2.3513185030068335,3.2694141846391425,1.0,278.1526400770712,249.70512284778061,0.844157507878021,0.2649074913145951,0.5027494346158476,-0.03818969311476163,-0.31019234098504117,-1.2990275574848784,0.2926272368056594,-0.2664285495550722,-0.5505200213880588,-0.37010387310616455,1.7048429000862428,-0.16727058318062554
18.06,316.8113196021253,172.639526164006,2.3513185030068335,3.2694141846391425,1.0,278.23870720841876,249.8286631868276,0.8475129515952736,0.26009110382738393,0.502560562701896,-0.05096298482816584,-0.29056092955539387,-1.2826039628408714,0.24764368470098297,-0.22887534922332725,-0.3114603192075519,0.4196985968496971,1.2961272884603097,0.1799132471925321
18.09,316.8113196021253,172.639526164006,2.3513185030068335,3.2694141846391425,1.0,278.310355624889,249.9784511009963,0.8503062621789079,0.2542514190644719,0.5046108355083898,-0.07167179282418354,-0.26726707034291713,-1.2749755319590035,0.16671107195541116,-0.3428378051413687,-0.07200651052070006,0.5283826502190226,1.4059679068860407,-0.1458505523684712
18.13,316.8113196021253,172.639526164006,2.3513185030068335,3.2694141846391425,1.0,278.36781487151836,250.13703473409723,0.8525463887531518,0.2480688212827588,0.5085817707079474,-0.08561560315852276,-0.24376026164370676,-1.2632381093416059,0.15704868608897554,-0.325231146862291,-0.2007224384881961,0.24594502947971844,1.65901151201227,-0.02393198625504618
18.16,316.8113196021253,172.639526164006,2.3513185030068335,3.2694141846391425,1.0,278.38135451092626,250.2667976949707,0.8530742499386449,0.24300983645338356,0.513048493388331,-0.09528359747420832,-0.21438614810895815,-1.2444685525702226,0.17169050675086583,-0.2704298653843887,-0.21612256739277347,0.2683841230619872,1.426266390798301,0.11642732313841853
18.18,316.8113196021253,172.639526164006,2.3513185030068335,3.2694141846391425,1.0,278.31474583247257,250.376134343774,0.8504774203693004,0.23874719907313846,0.5244564109374957,-0.10116635767466085,-0.18073243345261597,-1.2172672162762743,-0.08096025456657721,-0.33539663092160865,-0.02229300834228505,0.5243652392877973,1.7716354111727854,0.38170174198942525
18.2,316.8113196021253,172.639526164006,2.3513185030068335,3.2694141846391425,1.0,278.30684712016495,250.55141286545276,0.8501694783690024,0.2319137284423886,0.5242206141933804,-0.12695714181754078,-0.16214900915059446,-1.2082322959068978,0.03799034063516979,-0.34354072347328446,-0.015514191281438189,0.3468918178280981,1.2995329682586014,0.06970674684602214
18.23,316.8113196021253,172.639526164006,2.3513185030068335,3.2694141846391425,1.0,278.3435645196248,250.73064089930506,0.8516009559307913,0.22492628072884738,0.5229849309316256,-0.14345775304650735,-0.14574384294455767,-1.2061265065530282,0.09034498742845495,-0.3562507390102313,-0.1249440642522442,0.6292118897356523,0.8650069781593533,-0.09657521312035909
18.25,316.8113196021253,172.639526164006,2.3513185030068335,3.2694141846391425,1.0,278.42978659386387,250.91265904055382,0.8549624403065847,0.21783005689848647,0.5217181404140615,-0.1557347461272515,-0.13532140175463858,-1.204324296076138,0.1867275264107174,-0.3525893562265876,-0.12637661790326538,0.4295630335163436,0.5623949966545645,-0.034260732324605025
18.27,316.8113196021253,172.639526164006,2.3513185030068335,3.2694141846391425,1.0,278.56538432279626,251.05339746877104,0.8602489014735398,0.21234317860541696,0.5250806418923879,-0.16462696547600478,-0.13528364897075562,-1.1977015844734493,0.19507117007939306,-0.2876272164614429,-0.006942459288035035,0.13292675826029618,0.45933585446418845,0.0027511453527342827
18.3,316.8113196021253,172.639526164006,2.3513185030068335,3.2694141846391425,1.0,278.65372136530044,251.19983776836602,0.8636928407524543,0.20663400513193003,0.5247897188019899,-0.17077414255062776,-0.12831644505634815,-1.1968971099820374,0.1601233154005946,-0.2943219192654738,-0.0779563817660198,0.3186948313287442,0.36736664570988875,0.0027961949934202385
18.32,316.8113196021253,172.639526164006,2.3513185030068335,3.2694141846391425,1.0,278.7533257813194,251.3455663728044,0.8675760538526077,0.20095257805830877,0.5249930224398276,-0.1768934802296216,-0.125194137436646,-1.192830546993184,0.17291431884655,-0.29166991433302025,-0.019309253744490357,0.07253668643771041,0.3119315054758753,-0.02265763902661201
18.34,316.8113196021253,172.639526164006,2.3513185030068335,3.2694141846391425,1.0,278.8334871869921,251.4886260567349,0.8707012548534958,0.19537520246647608,0.5253349988078514,-0.18159706396541203,-0.12195719763304823,-1.191980329186051,0.14592344169966423,-0.2757930621546414,-0.032082239058905226,0.12038393775081552,0.24162827900085532,0.005603488845310235
18.37,316.8113196021253,172.639526164006,2.3513185030068335,3.2694141846391425,1.0,278.89890050161176,251.6367360321262,0.8732514815443184,0.189600934420032,0.5234253421847531,-0.18263528530479056,-0.11509373444391856,-1.191235407757761,0.11477530286550024,-0.3056836813547448,-0.16044981783030654,0.4144175767060232,0.1355343690924431,0.021999439507085113
18.39,316.8113196021253,172.639526164006,2.3513185030068335,3.2694141846391425,1.0,278.94733092344126,251.8052744823143,0.8751396071517079,0.18303023460762907,0.5190177521247199,-0.1795992054964695,-0.10347754186860653,-1.1911383769653385,0.08104924912187689,-0.35135523830404336,-0.28477403149262526,0.7037252923014714,0.04311673689066163,-0.005106656907596962
18.42,316.8113196021253,172.639526164006,2.3513185030068335,3.2694141846391425,1.0,279.05778403781414,251.9563435326896,0.8794457714547447,0.1771406030140503,0.5224611478627867,-0.18566593299988673,-0.11218336119930472,-1.1777320367543556,0.16228272049125245,-0.30664160888097575,-0.1413494860093464,0.23357192927901127,-0.09246446003498511,0.3451545620182977
18.45,316.8113196021253,172.639526164006,2.3513185030068335,3.2694141846391425,1.0,279.18387631586563,252.10545257353664,0.8843616497413505,0.1713273850473034,0.5243130723413977,-0.18711072821320957,-0.12097719932948556,-1.1646023371335505,0.15803590852250055,-0.2971847244541502,-0.0014185900424176084,-0.11991800112281603,-0.11425394028754327,0.13771223481032135
18.47,316.8113196021253,172.639526164006,2.3513185030068335,3.2694141846391425,1.0,279.2531350858893,252.25016581035138,0.8870617967208334,0.16568554345608727,0.5246358474663998,-0.18555486589449338,-0.12403346407395273,-1.1616873222371222,0.12038844934484481,-0.2661955864651466,-0.01526213467848566,-0.0988370454220413,-0.1510134003469076,0.11524228313867871
18.5,316.8113196021253,172.639526164006,2.3513185030068335,3.2694141846391425,1.0,279.3343830116765,252.37412100809811,0.8902293571803706,0.160852982140425,0.5232929093820037,-0.19070611282034497,-0.13481511629435777,-1.154084476322582,0.1362528876290411,-0.24244519802155687,-0.17650771387300376,-0.4736488570324133,-0.005047322871087398,0.20041786837076456
18.53,316.8113196021253,172.639526164006,2.3513185030068335,3.2694141846391425,1.0,279.3846368399681,252.48777544274418,0.8921885707589899,0.15642201002946673,0.5200415078102898,-0.18352094063884408,-0.13407551474671994,-1.1465112005116735,0.11466726569111146,-0.2129434630982825,-0.2928610037378629,0.005711708203799753,-0.24970961039294054,0.3895057647761978
18.57,316.8113196021253,172.639526164006,2.3513185030068335,3.2694141846391425,1.0,279.41237580684003,252.59128696260285,0.8932700119625734,0.15238647319287096,0.5147235419400631,-0.16832977983948486,-0.1254463528630111,-1.1354317606548097,0.08035299669378748,-0.20797334285666486,-0.41417130319845996,0.40824886277743494,-0.39546816746960367,0.5266605184108903
18.6,316.8113196021253,172.639526164006,2.3513185030068335,3.2694141846391425,1.0,279.4785415723766,252.70734164733253,0.895849573971798,0.14786192408060275,0.5083099014544309,-0.19224548792152973,-0.1498659443292678,-1.110934924835067,0.09250771155216504,-0.2027383017265954,-0.5218960327424335,-0.593883157955854,0.06908560569731448,0.6687297015245438
18.65,316.8113196021253,172.639526164006,2.3513185030068335,3.2694141846391425,1.0,279.5270045525545,252.81045615149094,0.8977389689105065,0.1438418654389488,0.4958187396539132,-0.19868878345368562,-0.1598742177833213,-1.0963893682118735,0.0950358417634008,-0.20071065106265099,-0.7174907761579771,-0.5889388427724188,0.05469581018581008,0.6799888420092829
18.71,316.8113196021253,172.639526164006,2.3513185030068335,3.2694141846391425,1.0,279.43406607023127,252.82963225779616,0.8941156362663254,0.14309425895531525,0.5071721696975726,-0.19494689188996803,-0.1443299302140465,-1.0235751398227864,-0.22559669213572056,-0.19144586627250426,-0.27550687420551967,-0.2896346285442295,1.1561997192203122,1.5427531200522955
18.76,316.8113196021253,172.639526164006,2.3513185030068335,3.2694141846391425,1.0,279.23752360513544,252.99165544684934,0.8864531619935849,0.1367775654249772,0.5126650484744505,-0.20798858078138835,-0.12131826243802687,-0.9840481449665212,-0.25416919127156823,-0.4280038348306887,-0.13457500659734312,-0.027910154221237216,1.1828017158744997,0.8828251046657412
18.8,316.8113196021253,172.639526164006,2.3513185030068335,3.2694141846391425,1.0,279.1503367629531,253.2193208057987,0.8830540648324785,0.1279017229708125,0.5095664447357675,-0.21986288532817025,-0.10917979301102095,-0.9690464062672196,-0.14645916253746694,-0.47633015079506524,-0.23445676576429958,0.33578487252252415,0.6986945435181818,0.4516005369159698
18.85,316.8113196021253,172.639526164006,2.3513185030068335,3.2694141846391425,1.0,279.1802678316809,253.42339427034648,0.8842209680967197,0.11994564248162012,0.5115237647374613,-0.23077694093864,-0.11511043312543941,-0.94972523451671,0.03464678203692852,-0.3629661554502857,-0.05001582215858345,-0.10403955387658859,0.0744823545272495,0.48029505575401427
18.9,316.8113196021253,172.639526164006,2.3513185030068335,3.2694141846391425,1.0,279.25270379241437,253.55854593388568,0.887044982160402,0.11467657177833672,0.5127468856044142,-0.22928829864536363,-0.12372467306917263,-0.9363105123848097,0.12669686809098646,-0.2553371283377873,-0.014640849572131163,-0.14710049286672483,-0.39752970956695777,0.41894304058993465
18.96,316.8113196021253,172.639526164006,2.3513185030068335,3.2694141846391425,1.0,279.3278463955645,253.67461068736188,0.8899745183455954,0.11015163012234348,0.5129200923208639,-0.2230141387873105,-0.13164599418094602,-0.9303919363594121,0.12526510115135958,-0.20463629789998372,0.016647886877976394,-0.08777326327863307,0.053657737991861965,0.13571958241297988
19.01,316.8113196021253,172.639526164006,2.3513185030068335,3.2694141846391425,1.0,279.401687704399,253.77883197641316,0.8928533218089292,0.10608842197219778,0.5123204868751604,-0.224675227966441,-0.12662705258562354,-0.931810877109115,0.14016700306993968,-0.22175114656043596,-0.087038827608344,0.2816879868754576,0.2999870290983863,-0.1474755002731795
19.06,316.8113196021253,172.639526164006,2.3513185030068335,3.2694141846391425,1.0,279.4670644711434,253.90478671566876,0.8954021236313202,0.10117790582188121,0.5096042672553736,-0.22563224452417835,-0.11381043054586495,-0.936005945929304,0.12200936102756688,-0.2694308579211363,-0.19046270619307468,0.6080992008178335,0.5363855109501228,-0.3062055242625238
19.12,316.8113196021253,172.639526164006,2.3513185030068335,3.2694141846391425,1.0,279.56565368991016,254.00200184607027,0.899245757891235,0.09738784225846872,0.5105467801867499,-0.232717241646338,-0.10959902222453202,-0.9361500823002994,0.1821023422036121,-0.19060383137578651,-0.006473872709030867,0.0754145945402529,0.37187453694585487,-0.11962136118146977
19.17,316.8113196021253,172.639526164006,2.3513185030068335,3.2694141846391425,1.0,279.66702333835104,254.09822606468722,0.9031977909688543,0.09363641073344256,0.5107389169864347,-0.23666444318052615,-0.10447605620226678,-0.9349788462538118,0.18457592469570966,-0.19816487250384202,0.004141818444945454,0.025267529341008125,0.3128275965470344,-0.11797129913640694
19.23,316.8113196021253,172.639526164006,2.3513185030068335,3.2694141846391425,1.0,279.7686747449117,254.20058727072438,0.9071608087684886,0.08964572043959446,0.5101963207469219,-0.24524746559169672,-0.10388601459678826,-0.9336494840835413,0.19249482027055545,-0.20101918630917195,-0.12983020793290925,-0.13190030091874258,0.3412260142668078,-0.021386961738588152
19.28,316.8113196021253,172.639526164006,2.3513185030068335,3.2694141846391425,1.0,279.83186623099687,254.30966946571687,0.9096244144638151,0.08539300328589175,0.5106958511901886,-0.24769036891481291,-0.09465625409765406,-0.9278365486710188,0.14607611426307618,-0.2286787065582713,-0.07104875850613085,0.17764153509766276,0.343630837947317,0.11501728448968757
19.34,316.8113196021253,172.639526164006,2.3513185030068335,3.2694141846391425,1.0,279.91159053550547,254.4399109785822,0.9127325744836431,0.08031536145878304,0.5081334890596785,-0.24693469626196962,-0.08522208153891649,-0.9275279741661034,0.15730414483021157,-0.27731957919615857,-0.19472767113422498,0.5018393350603266,0.22798834523315128,-0.04434922709533107
19.4,316.8113196021253,172.639526164006,2.3513185030068335,3.2694141846391425,1.0,280.0453830756921,254.55282327360428,0.9179486579217196,0.07591332266650026,0.5099343468073815,-0.2514981317328501,-0.08866290037457177,-0.919072314495509,0.21559142372902215,-0.22105887668557184,-0.03142762828950412,0.030962406363163088,0.0546787668873169,0.1134421335087153
19.45,316.8113196021253,172.639526164006,2.3513185030068335,3.2694141846391425,1.0,280.1688672086278,254.65797199917182,0.9227628541375367,0.07181395714729678,0.5086111445911958,-0.2551789489108093,-0.09144031491338583,-0.9124153157547572,0.20915937983311653,-0.23316007937209063,-0.16715875198620006,-0.2937266068491305,0.16783621388716288,0.15010245482757212
19.51,316.8113196021253,172.639526164006,2.3513185030068335,3.2694141846391425,1.0,280.27560445373314,254.7804061328714,0.926924150243007,0.06704069657421438,0.5033542733313787,-0.264080181483565,-0.09571696455291653,-0.908399975321392,0.2071297179679403,-0.24293000399859535,-0.35071768581277274,-0.5441092392506383,0.254855219606853,0.16482258857912913
19.57,316.8113196021253,172.639526164006,2.3513185030068335,3.2694141846391425,1.0,280.3013762837819,254.89570346130338,0.9279288999525109,0.06254567402326083,0.5044046748852204,-0.26818992213200643,-0.07046972407868755,-0.8882927833490625,0.04588446418224791,-0.28733504949519056,-0.1548408423283601,-0.20758829046094507,1.3519605891107538,0.3833899633852055
19.63,316.8113196021253,172.639526164006,2.3513185030068335,3.2694141846391425,1.0,280.32220206511363,255.04745935578208,0.9287408212519936,0.056629264881790875,0.4992073115707412,-0.29446455375716,-0.0576747250077094,-0.8774386424413176,0.03083946836407897,-0.2989982012447731,-0.35817290575202704,-0.29678247154429654,1.4235062570593933,0.4230452366061114
19.69,316.8113196021253,172.639526164006,2.3513185030068335,3.2694141846391425,1.0,280.31033539286915,255.19897258484664,0.9282781829578621,0.05072231638024646,0.4957288817134539,-0.31328821732324474,-0.03471365640104056,-0.8606522957972093,0.09621560921911276,-0.21228083344442616,-0.26232245794544945,0.07966556721758256,1.0122118768216404,0.46299940895446623
19.75,316.8113196021253,172.639526164006,2.3513185030068335,3.2694141846391425,1.0,280.318154018231,255.35796915745124,0.9285830026600788,0.04452361959254395,0.4986619012061162,-0.31871343066948826,-0.0028139417225382336,-0.8388525339647083,0.07471989534552166,-0.39381499923143615,-0.144019387432661,0.11759052658255131,1.29160744599675,0.3355743502154136
19.81,316.8113196021253,172.639526164006,2.3513185030068335,3.2694141846391425,1.0,280.44889599677276,255.50434493521814,0.9336801558196003,0.03881696158993577,0.4981519543351376,-0.3295493436662788,0.00870394499072117,-0.8224093810482029,0.1841790434216582,-0.3550283255154905,-0.1561142805270478,0.36549087730270624,0.8920598573263661,0.2117923344698701
19.87,316.8113196021253,172.639526164006,2.3513185030068335,3.2694141846391425,1.0,280.5176886320202,255.77731765985158,0.9363621299033225,0.028174750103252016,0.4998992164653683,-0.3354919599013294,0.00503661740400249,-0.8283822895358937,0.20963213505866066,-0.36379773260153664,-0.0392120946562031,0.09714823575699175,0.06925728935488926,0.19054968403436998
19.93,316.8113196021253,172.639526164006,2.3513185030068335,3.2694141846391425,1.0,280.6092502991379,255.97206595437936,0.9399317855414395,0.020582224000804544,0.499848269938038,-0.3354706559342841,0.0036069457929455355,-0.8263702593744389,0.19740895274794837,-0.3187700759850202,-0.03641121444428016,0.05609537153441725,-0.042495905516817895,0.25661128437044867
19.99,316.8113196021253,172.639526164006,2.3513185030068335,3.2694141846391425,1.0,280.714101798102,256.12113753043064,0.9440195632788307,0.01477046664987755,0.4994222539576846,-0.3336199476564704,0.0019685317782922227,-0.8206041094224592,0.22030764787175222,-0.2578441799318331,-0.0382184605869671,0.03218584411316261,-0.1950064061168737,0.3621495724913397
20.04,316.8113196021253,172.639526164006,2.3513185030068335,3.2694141846391425,1.0,280.83872559803444,256.2427210369247,0.9488781909565073,0.010030368930809445,0.4985157013644281,-0.32829345891528106,-0.000770976235646764,-0.8127619457914553,0.25221202893510375,-0.2294459846363539,-0.09239496889592631,0.17669152088855583,-0.3388739573125842,0.3935520266435966
